1
2
3
4
5
6
7
8
9
10
11
12
13
14
15
16
17
18
19
20
21
22
23
24
25
26
27
28
29
30
31
32
33
34
35
36
37
38
39
40
41
42
43
44
45
46
47
48
49
50
51
52
53
54
55
56
57
58
59
60
61
62
63
64
65
66
67
68
69
70
71
72
73
74
75
76
77
78
79
80
81
82
83
84
113 336 291
-113 -336
-113 -291
-336 -291
89 91 90
-89 -91
-89 -90
-91 -90
-113 -89
-336 -91
-291 -90
-339 113
-339 91
-113 -91 339
-340 113
-340 90
-113 -90 340
-341 336
-341 89
-336 -89 341
-342 336
-342 90
-336 -90 342
-343 291
-343 89
-291 -89 343
-344 291
-344 91
-291 -91 344
-339 345
-340 346
-341 347
-342 348
-343 349
-345 346
-346 347
-347 348
-348 349
-340 -345
-341 -346
-342 -347
-343 -348
-344 -349
119 216 128
-119 -216
-119 -128
-216 -128
92 94 93
-92 -94
-92 -93
-94 -93
-119 -92
-216 -94
-128 -93
-350 119
-350 94
-119 -94 350
-351 119
-351 93
-119 -93 351
-352 216
-352 92
-216 -92 352
-353 216
-353 93
-216 -93 353
-354 128
-354 92
-128 -92 354
-355 128
-355 94
-128 -94 355
-350 356
-351 357
-352 358
-353 359
-354 360
-356 357
-357 358
-358 359
-359 360
-351 -356
-352 -357
-353 -358
-354 -359
-355 -360
167 98 246
-167 -98
-167 -246
-98 -246
96 95 97
-96 -95
-96 -97
-95 -97
-167 -96
-98 -95
-246 -97
-361 167
-361 95
-167 -95 361
-362 167
-362 97
-167 -97 362
-363 98
-363 96
-98 -96 363
-364 98
-364 97
-98 -97 364
-365 246
-365 96
-246 -96 365
-366 246
-366 95
-246 -95 366
-361 367
-362 368
-363 369
-364 370
-365 371
-367 368
-368 369
-369 370
-370 371
-362 -367
-363 -368
-364 -369
-365 -370
-366 -371
134 333 225
-134 -333
-134 -225
-333 -225
101 103 102
-101 -103
-101 -102
-103 -102
-134 -101
-333 -103
-225 -102
-372 134
-372 103
-134 -103 372
-373 134
-373 102
-134 -102 373
-374 333
-374 101
-333 -101 374
-375 333
-375 102
-333 -102 375
-376 225
-376 101
-225 -101 376
-377 225
-377 103
-225 -103 377
-372 378
-373 379
-374 380
-375 381
-376 382
-378 379
-379 380
-380 381
-381 382
-373 -378
-374 -379
-375 -380
-376 -381
-377 -382
110 237 249
-110 -237
-110 -249
-237 -249
104 105 106
-104 -105
-104 -106
-105 -106
-110 -104
-237 -105
-249 -106
-383 110
-383 105
-110 -105 383
-384 110
-384 106
-110 -106 384
-385 237
-385 104
-237 -104 385
-386 237
-386 106
-237 -106 386
-387 249
-387 104
-249 -104 387
-388 249
-388 105
-249 -105 388
-383 389
-384 390
-385 391
-386 392
-387 393
-389 390
-390 391
-391 392
-392 393
-384 -389
-385 -390
-386 -391
-387 -392
-388 -393
276 289 125
-276 -289
-276 -125
-289 -125
108 109 107
-108 -109
-108 -107
-109 -107
-276 -108
-289 -109
-125 -107
-394 276
-394 109
-276 -109 394
-395 276
-395 107
-276 -107 395
-396 289
-396 108
-289 -108 396
-397 289
-397 107
-289 -107 397
-398 125
-398 108
-125 -108 398
-399 125
-399 109
-125 -109 399
-394 400
-395 401
-396 402
-397 403
-398 404
-400 401
-401 402
-402 403
-403 404
-395 -400
-396 -401
-397 -402
-398 -403
-399 -404
206 137 149
-206 -137
-206 -149
-137 -149
118 116 117
-118 -116
-118 -117
-116 -117
-206 -118
-137 -116
-149 -117
-405 206
-405 116
-206 -116 405
-406 206
-406 117
-206 -117 406
-407 137
-407 118
-137 -118 407
-408 137
-408 117
-137 -117 408
-409 149
-409 118
-149 -118 409
-410 149
-410 116
-149 -116 410
-405 411
-406 412
-407 413
-408 414
-409 415
-411 412
-412 413
-413 414
-414 415
-406 -411
-407 -412
-408 -413
-409 -414
-410 -415
135 143 292
-135 -143
-135 -292
-143 -292
122 123 124
-122 -123
-122 -124
-123 -124
-135 -122
-143 -123
-292 -124
-416 135
-416 123
-135 -123 416
-417 135
-417 124
-135 -124 417
-418 143
-418 122
-143 -122 418
-419 143
-419 124
-143 -124 419
-420 292
-420 122
-292 -122 420
-421 292
-421 123
-292 -123 421
-416 422
-417 423
-418 424
-419 425
-420 426
-422 423
-423 424
-424 425
-425 426
-417 -422
-418 -423
-419 -424
-420 -425
-421 -426
114 285 226
-114 -285
-114 -226
-285 -226
131 133 132
-131 -133
-131 -132
-133 -132
-114 -131
-285 -133
-226 -132
-427 114
-427 133
-114 -133 427
-428 114
-428 132
-114 -132 428
-429 285
-429 131
-285 -131 429
-430 285
-430 132
-285 -132 430
-431 226
-431 131
-226 -131 431
-432 226
-432 133
-226 -133 432
-427 433
-428 434
-429 435
-430 436
-431 437
-433 434
-434 435
-435 436
-436 437
-428 -433
-429 -434
-430 -435
-431 -436
-432 -437
179 120 312
-179 -120
-179 -312
-120 -312
141 140 142
-141 -140
-141 -142
-140 -142
-179 -141
-120 -140
-312 -142
-438 179
-438 140
-179 -140 438
-439 179
-439 142
-179 -142 439
-440 120
-440 141
-120 -141 440
-441 120
-441 142
-120 -142 441
-442 312
-442 141
-312 -141 442
-443 312
-443 140
-312 -140 443
-438 444
-439 445
-440 446
-441 447
-442 448
-444 445
-445 446
-446 447
-447 448
-439 -444
-440 -445
-441 -446
-442 -447
-443 -448
180 252 152
-180 -252
-180 -152
-252 -152
147 148 146
-147 -148
-147 -146
-148 -146
-180 -147
-252 -148
-152 -146
-449 180
-449 148
-180 -148 449
-450 180
-450 146
-180 -146 450
-451 252
-451 147
-252 -147 451
-452 252
-452 146
-252 -146 452
-453 152
-453 147
-152 -147 453
-454 152
-454 148
-152 -148 454
-449 455
-450 456
-451 457
-452 458
-453 459
-455 456
-456 457
-457 458
-458 459
-450 -455
-451 -456
-452 -457
-453 -458
-454 -459
303 99 199
-303 -99
-303 -199
-99 -199
157 155 156
-157 -155
-157 -156
-155 -156
-303 -157
-99 -155
-199 -156
-460 303
-460 155
-303 -155 460
-461 303
-461 156
-303 -156 461
-462 99
-462 157
-99 -157 462
-463 99
-463 156
-99 -156 463
-464 199
-464 157
-199 -157 464
-465 199
-465 155
-199 -155 465
-460 466
-461 467
-462 468
-463 469
-464 470
-466 467
-467 468
-468 469
-469 470
-461 -466
-462 -467
-463 -468
-464 -469
-465 -470
185 191 321
-185 -191
-185 -321
-191 -321
158 159 160
-158 -159
-158 -160
-159 -160
-185 -158
-191 -159
-321 -160
-471 185
-471 159
-185 -159 471
-472 185
-472 160
-185 -160 472
-473 191
-473 158
-191 -158 473
-474 191
-474 160
-191 -160 474
-475 321
-475 158
-321 -158 475
-476 321
-476 159
-321 -159 476
-471 477
-472 478
-473 479
-474 480
-475 481
-477 478
-478 479
-479 480
-480 481
-472 -477
-473 -478
-474 -479
-475 -480
-476 -481
324 111 231
-324 -111
-324 -231
-111 -231
163 161 162
-163 -161
-163 -162
-161 -162
-324 -163
-111 -161
-231 -162
-482 324
-482 161
-324 -161 482
-483 324
-483 162
-324 -162 483
-484 111
-484 163
-111 -163 484
-485 111
-485 162
-111 -162 485
-486 231
-486 163
-231 -163 486
-487 231
-487 161
-231 -161 487
-482 488
-483 489
-484 490
-485 491
-486 492
-488 489
-489 490
-490 491
-491 492
-483 -488
-484 -489
-485 -490
-486 -491
-487 -492
186 270 297
-186 -270
-186 -297
-270 -297
164 165 166
-164 -165
-164 -166
-165 -166
-186 -164
-270 -165
-297 -166
-493 186
-493 165
-186 -165 493
-494 186
-494 166
-186 -166 494
-495 270
-495 164
-270 -164 495
-496 270
-496 166
-270 -166 496
-497 297
-497 164
-297 -164 497
-498 297
-498 165
-297 -165 498
-493 499
-494 500
-495 501
-496 502
-497 503
-499 500
-500 501
-501 502
-502 503
-494 -499
-495 -500
-496 -501
-497 -502
-498 -503
280 232 300
-280 -232
-280 -300
-232 -300
172 171 170
-172 -171
-172 -170
-171 -170
-280 -171
-232 -170
-300 -172
-504 280
-504 172
-280 -172 504
-505 280
-505 170
-280 -170 505
-506 232
-506 172
-232 -172 506
-507 232
-507 171
-232 -171 507
-508 300
-508 171
-300 -171 508
-509 300
-509 170
-300 -170 509
-504 510
-505 511
-506 512
-507 513
-508 514
-510 511
-511 512
-512 513
-513 514
-505 -510
-506 -511
-507 -512
-508 -513
-509 -514
187 264 306
-187 -264
-187 -306
-264 -306
173 174 175
-173 -174
-173 -175
-174 -175
-187 -173
-264 -174
-306 -175
-515 187
-515 174
-187 -174 515
-516 187
-516 175
-187 -175 516
-517 264
-517 173
-264 -173 517
-518 264
-518 175
-264 -175 518
-519 306
-519 173
-306 -173 519
-520 306
-520 174
-306 -174 520
-515 521
-516 522
-517 523
-518 524
-519 525
-521 522
-522 523
-523 524
-524 525
-516 -521
-517 -522
-518 -523
-519 -524
-520 -525
228 115 271
-228 -115
-228 -271
-115 -271
177 176 178
-177 -176
-177 -178
-176 -178
-228 -177
-115 -176
-271 -178
-526 228
-526 176
-228 -176 526
-527 228
-527 178
-228 -178 527
-528 115
-528 177
-115 -177 528
-529 115
-529 178
-115 -178 529
-530 271
-530 177
-271 -177 530
-531 271
-531 176
-271 -176 531
-526 532
-527 533
-528 534
-529 535
-530 536
-532 533
-533 534
-534 535
-535 536
-527 -532
-528 -533
-529 -534
-530 -535
-531 -536
286 337 272
-286 -337
-286 -272
-337 -272
183 184 182
-183 -184
-183 -182
-184 -182
-286 -183
-337 -184
-272 -182
-537 286
-537 184
-286 -184 537
-538 286
-538 182
-286 -182 538
-539 337
-539 183
-337 -183 539
-540 337
-540 182
-337 -182 540
-541 272
-541 183
-272 -183 541
-542 272
-542 184
-272 -184 542
-537 543
-538 544
-539 545
-540 546
-541 547
-543 544
-544 545
-545 546
-546 547
-538 -543
-539 -544
-540 -545
-541 -546
-542 -547
307 287 298
-307 -287
-307 -298
-287 -298
190 188 189
-190 -188
-190 -189
-188 -189
-307 -190
-287 -188
-298 -189
-548 307
-548 188
-307 -188 548
-549 307
-549 189
-307 -189 549
-550 287
-550 190
-287 -190 550
-551 287
-551 189
-287 -189 551
-552 298
-552 190
-298 -190 552
-553 298
-553 188
-298 -188 553
-548 554
-549 555
-550 556
-551 557
-552 558
-554 555
-555 556
-556 557
-557 558
-549 -554
-550 -555
-551 -556
-552 -557
-553 -558
262 250 200
-262 -250
-262 -200
-250 -200
196 195 194
-196 -195
-196 -194
-195 -194
-262 -196
-250 -195
-200 -194
-559 262
-559 195
-262 -195 559
-560 262
-560 194
-262 -194 560
-561 250
-561 196
-250 -196 561
-562 250
-562 194
-250 -194 562
-563 200
-563 196
-200 -196 563
-564 200
-564 195
-200 -195 564
-559 565
-560 566
-561 567
-562 568
-563 569
-565 566
-566 567
-567 568
-568 569
-560 -565
-561 -566
-562 -567
-563 -568
-564 -569
302 325 239
-302 -325
-302 -239
-325 -239
204 203 205
-204 -203
-204 -205
-203 -205
-302 -204
-325 -205
-239 -203
-570 302
-570 203
-302 -203 570
-571 302
-571 205
-302 -205 571
-572 325
-572 204
-325 -204 572
-573 325
-573 203
-325 -203 573
-574 239
-574 204
-239 -204 574
-575 239
-575 205
-239 -205 575
-570 576
-571 577
-572 578
-573 579
-574 580
-576 577
-577 578
-578 579
-579 580
-571 -576
-572 -577
-573 -578
-574 -579
-575 -580
229 293 227
-229 -293
-229 -227
-293 -227
210 211 209
-210 -211
-210 -209
-211 -209
-229 -210
-293 -211
-227 -209
-581 229
-581 211
-229 -211 581
-582 229
-582 209
-229 -209 582
-583 293
-583 210
-293 -210 583
-584 293
-584 209
-293 -209 584
-585 227
-585 210
-227 -210 585
-586 227
-586 211
-227 -211 586
-581 587
-582 588
-583 589
-584 590
-585 591
-587 588
-588 589
-589 590
-590 591
-582 -587
-583 -588
-584 -589
-585 -590
-586 -591
327 234 296
-327 -234
-327 -296
-234 -296
221 219 220
-221 -219
-221 -220
-219 -220
-327 -221
-234 -219
-296 -220
-592 327
-592 219
-327 -219 592
-593 327
-593 220
-327 -220 593
-594 234
-594 221
-234 -221 594
-595 234
-595 220
-234 -220 595
-596 296
-596 221
-296 -221 596
-597 296
-597 219
-296 -219 597
-592 598
-593 599
-594 600
-595 601
-596 602
-598 599
-599 600
-600 601
-601 602
-593 -598
-594 -599
-595 -600
-596 -601
-597 -602
86 313 153
-86 -313
-86 -153
-313 -153
222 224 223
-222 -224
-222 -223
-224 -223
-86 -222
-313 -224
-153 -223
-603 86
-603 224
-86 -224 603
-604 86
-604 223
-86 -223 604
-605 313
-605 222
-313 -222 605
-606 313
-606 223
-313 -223 606
-607 153
-607 222
-153 -222 607
-608 153
-608 224
-153 -224 608
-603 609
-604 610
-605 611
-606 612
-607 613
-609 610
-610 611
-611 612
-612 613
-604 -609
-605 -610
-606 -611
-607 -612
-608 -613
328 311 274
-328 -311
-328 -274
-311 -274
242 241 240
-242 -241
-242 -240
-241 -240
-328 -242
-311 -241
-274 -240
-614 328
-614 241
-328 -241 614
-615 328
-615 240
-328 -240 615
-616 311
-616 242
-311 -242 616
-617 311
-617 240
-311 -240 617
-618 274
-618 242
-274 -242 618
-619 274
-619 241
-274 -241 619
-614 620
-615 621
-616 622
-617 623
-618 624
-620 621
-621 622
-622 623
-623 624
-615 -620
-616 -621
-617 -622
-618 -623
-619 -624
326 281 251
-326 -281
-326 -251
-281 -251
245 244 243
-245 -244
-245 -243
-244 -243
-326 -245
-281 -244
-251 -243
-625 326
-625 244
-326 -244 625
-626 326
-626 243
-326 -243 626
-627 281
-627 245
-281 -245 627
-628 281
-628 243
-281 -243 628
-629 251
-629 245
-251 -245 629
-630 251
-630 244
-251 -244 630
-625 631
-626 632
-627 633
-628 634
-629 635
-631 632
-632 633
-633 634
-634 635
-626 -631
-627 -632
-628 -633
-629 -634
-630 -635
304 248 130
-304 -248
-304 -130
-248 -130
257 256 255
-257 -256
-257 -255
-256 -255
-304 -257
-248 -256
-130 -255
-636 304
-636 256
-304 -256 636
-637 304
-637 255
-304 -255 637
-638 248
-638 257
-248 -257 638
-639 248
-639 255
-248 -255 639
-640 130
-640 257
-130 -257 640
-641 130
-641 256
-130 -256 641
-636 642
-637 643
-638 644
-639 645
-640 646
-642 643
-643 644
-644 645
-645 646
-637 -642
-638 -643
-639 -644
-640 -645
-641 -646
87 214 121
-87 -214
-87 -121
-214 -121
258 260 259
-258 -260
-258 -259
-260 -259
-87 -258
-214 -260
-121 -259
-87 -260 647
-87 -260 -85
87 -85 647
260 -85 647
87 85 -647
260 85 -647
-648 87
-648 259
-87 -259 648
-214 -258 649
-214 -258 -212
214 -212 649
258 -212 649
214 212 -649
258 212 -649
-650 214
-650 259
-214 -259 650
-651 121
-651 258
-121 -258 651
-652 121
-652 260
-121 -260 652
-648 653
-650 654
-651 655
-653 654
-654 655
-650 -653
-651 -654
-652 -655
647 603 648 88 604
-647 -603
-647 -648
-603 -648
-88 -604
-647 -656
-603 -656
-648 -656
-88 656
-604 656
100 463 462 364 363
-100 -463
-100 -462
-463 -462
-364 -363
-100 -657
-463 -657
-462 -657
-364 657
-363 657
112 484 485 383 384
-112 -484
-112 -485
-484 -485
-383 -384
-112 -658
-484 -658
-485 -658
-383 658
-384 658
427 340 428 528 339 529
-427 -340
-427 -428
-340 -428
-528 -339
-528 -529
-339 -529
-427 -659
-340 -659
-428 -659
-528 659
-339 659
-529 659
440 651 652 350 441 351
-440 -651
-440 -652
-651 -652
-350 -441
-350 -351
-441 -351
-440 -660
-651 -660
-652 -660
-350 660
-441 660
-351 660
398 126 399 127
-398 -126
-399 -127
-398 -661
-126 -661
-399 661
-127 661
640 354 355 129 641
-640 -354
-640 -355
-354 -355
-129 -641
-640 -662
-354 -662
-355 -662
-129 662
-641 662
417 136 373 372 416
-417 -136
-417 -373
-136 -373
-372 -416
-417 -663
-136 -663
-373 -663
-372 663
-416 663
407 139 408 138
-407 -139
-408 -138
-407 -664
-139 -664
-408 664
-138 664
418 419 145 144
-418 -419
-145 -144
-418 -665
-419 -665
-145 665
-144 665
150 409 410 151
-150 -409
-410 -151
-150 -666
-409 -666
-410 666
-151 666
453 154 607 608 454
-453 -154
-453 -607
-154 -607
-608 -454
-453 -667
-154 -667
-607 -667
-608 667
-454 667
168 361 169 362
-168 -361
-169 -362
-168 -668
-361 -668
-169 668
-362 668
181 438 439 450 449
-181 -438
-181 -439
-438 -439
-450 -449
-181 -669
-438 -669
-439 -669
-450 669
-449 669
471 494 516 472 515 493
-471 -494
-471 -516
-494 -516
-472 -515
-472 -493
-515 -493
-471 -670
-494 -670
-516 -670
-472 670
-515 670
-493 670
193 473 192 474
-193 -473
-192 -474
-193 -671
-473 -671
-192 671
-474 671
464 465 197 198
-464 -465
-197 -198
-464 -672
-465 -672
-197 672
-198 672
563 201 564 202
-563 -201
-564 -202
-563 -673
-201 -673
-564 673
-202 673
405 207 208 406
-405 -207
-208 -406
-405 -674
-207 -674
-208 674
-406 674
649 650 215 213
-649 -650
-215 -213
-649 -675
-650 -675
-215 675
-213 675
217 218 352 353
-217 -218
-352 -353
-217 -676
-218 -676
-352 676
-353 676
432 586 431 585 376 377
-432 -586
-432 -431
-586 -431
-585 -376
-585 -377
-376 -377
-432 -677
-586 -677
-431 -677
-585 677
-376 677
-377 677
581 526 230 582 527
-581 -526
-581 -230
-526 -230
-582 -527
-581 -678
-526 -678
-230 -678
-582 678
-527 678
507 506 487 486 233
-507 -506
-507 -487
-506 -487
-486 -233
-507 -679
-506 -679
-487 -679
-486 679
-233 679
594 236 235 595
-594 -236
-235 -595
-594 -680
-236 -680
-235 680
-595 680
238 574 385 575 386
-238 -574
-238 -385
-574 -385
-575 -386
-238 -681
-574 -681
-385 -681
-575 681
-386 681
366 638 639 247 365
-366 -638
-366 -639
-638 -639
-247 -365
-366 -682
-638 -682
-639 -682
-247 682
-365 682
630 562 387 629 388 561
-630 -562
-630 -387
-562 -387
-629 -388
-629 -561
-388 -561
-630 -683
-562 -683
-387 -683
-629 683
-388 683
-561 683
451 253 254 452
-451 -253
-254 -452
-451 -684
-253 -684
-254 684
-452 684
261 560 263 559
-261 -560
-263 -559
-261 -685
-560 -685
-263 685
-559 685
266 517 518 265
-266 -517
-518 -265
-266 -686
-517 -686
-518 686
-265 686
267 268 269
-267 -268
-267 -687
-268 -687
-269 687
495 541 496 531 530 542
-495 -541
-495 -496
-541 -496
-531 -530
-531 -542
-530 -542
-495 -688
-541 -688
-496 -688
-531 688
-530 688
-542 688
618 275 619 273
-618 -275
-619 -273
-618 -689
-275 -689
-619 689
-273 689
277 278 394 395
-277 -278
-394 -395
-277 -690
-278 -690
-394 690
-395 690
504 627 505 279 628
-504 -627
-504 -505
-627 -505
-279 -628
-504 -691
-627 -691
-505 -691
-279 691
-628 691
282 283 284
-282 -283
-282 -692
-283 -692
-284 692
551 429 550 430 537 538
-551 -429
-551 -550
-429 -550
-430 -537
-430 -538
-537 -538
-551 -693
-429 -693
-550 -693
-430 693
-537 693
-538 693
396 290 288 397
-396 -290
-288 -397
-396 -694
-290 -694
-288 694
-397 694
343 584 583 420 344 421
-343 -584
-343 -583
-584 -583
-420 -344
-420 -421
-344 -421
-343 -695
-584 -695
-583 -695
-420 695
-344 695
-421 695
596 597 295 294
-596 -597
-295 -294
-596 -696
-597 -696
-295 696
-294 696
299 553 497 552 498
-299 -553
-299 -497
-553 -497
-552 -498
-299 -697
-553 -697
-497 -697
-552 697
-498 697
301 508 571 509 570
-301 -508
-301 -571
-508 -571
-509 -570
-301 -698
-508 -698
-571 -698
-509 698
-570 698
305 460 461 637 636
-305 -460
-305 -461
-460 -461
-637 -636
-305 -699
-460 -699
-461 -699
-637 699
-636 699
519 548 549 520 308
-519 -548
-519 -549
-548 -549
-520 -308
-519 -700
-548 -700
-549 -700
-520 700
-308 700
310 309 616 617
-310 -309
-616 -617
-310 -701
-309 -701
-616 701
-617 701
442 605 443 314 606
-442 -605
-442 -443
-605 -443
-314 -606
-442 -702
-605 -702
-443 -702
-314 702
-606 702
316 315 317
-316 -315
-316 -703
-315 -703
-317 703
318 319 320
-318 -319
-318 -704
-319 -704
-320 704
475 476 323 322
-475 -476
-323 -322
-475 -705
-476 -705
-323 705
-322 705
625 572 482 483 573 626
-625 -572
-625 -482
-572 -482
-483 -573
-483 -626
-573 -626
-625 -706
-572 -706
-482 -706
-483 706
-573 706
-626 706
329 593 614 592 615
-329 -593
-329 -614
-593 -614
-592 -615
-329 -707
-593 -707
-614 -707
-592 707
-615 707
330 331 332
-330 -331
-330 -708
-331 -708
-332 708
374 334 335 375
-374 -334
-335 -375
-374 -709
-334 -709
-335 709
-375 709
338 539 342 341 540
-338 -539
-338 -342
-539 -342
-341 -540
-338 -710
-539 -710
-342 -710
-341 710
-540 710
649 651 605 330 607
-649 -651
-649 -605
-651 -605
-330 -607
-649 -711
-651 -711
-605 -711
-330 711
-607 711
288 465 460 366 361
-288 -465
-288 -460
-465 -460
-366 -361
-288 -712
-465 -712
-460 -712
-366 712
-361 712
318 482 487 385 387
-318 -482
-318 -487
-482 -487
-385 -387
-318 -713
-482 -713
-487 -713
-385 713
-387 713
429 343 431 526 341 531
-429 -343
-429 -431
-343 -431
-526 -341
-526 -531
-341 -531
-429 -714
-343 -714
-431 -714
-526 714
-341 714
-531 714
438 648 650 352 443 354
-438 -648
-438 -650
-648 -650
-352 -443
-352 -354
-443 -354
-438 -715
-648 -715
-650 -715
-352 715
-443 715
-354 715
395 294 397 197
-395 -294
-397 -197
-395 -716
-294 -716
-397 716
-197 716
637 351 353 138 639
-637 -351
-637 -353
-351 -353
-138 -639
-637 -717
-351 -717
-353 -717
-138 717
-639 717
420 309 376 374 418
-420 -309
-420 -376
-309 -376
-374 -418
-420 -718
-309 -718
-376 -718
-374 718
-418 718
405 168 410 129
-405 -168
-410 -129
-405 -719
-168 -719
-410 719
-129 719
416 421 295 273
-416 -421
-295 -273
-416 -720
-421 -720
-295 720
-273 720
247 406 408 198
-247 -406
-408 -198
-247 -721
-406 -721
-408 721
-198 721
450 604 279 606 452
-450 -604
-450 -279
-604 -279
-606 -452
-450 -722
-604 -722
-279 -722
-606 722
-452 722
139 331 363 365
-139 -331
-363 -365
-139 -723
-331 -723
-363 723
-365 723
301 440 442 453 451
-301 -440
-301 -442
-440 -442
-453 -451
-301 -724
-440 -724
-442 -724
-453 724
-451 724
473 497 519 475 517 495
-473 -497
-473 -519
-497 -519
-475 -517
-475 -495
-517 -495
-473 -725
-497 -725
-519 -725
-475 725
-517 725
-495 725
261 471 238 476
-261 -471
-238 -476
-261 -726
-471 -726
-238 726
-476 726
461 463 126 150
-461 -463
-126 -150
-461 -727
-463 -727
-126 727
-150 727
560 265 322 562
-560 -265
-322 -562
-560 -728
-265 -728
-322 728
-562 728
407 213 217 409
-407 -213
-217 -409
-407 -729
-213 -729
-217 729
-409 729
647 652 315 207
-647 -652
-315 -207
-647 -730
-652 -730
-315 730
-207 730
208 332 350 355
-208 -332
-350 -355
-208 -731
-332 -731
-350 731
-355 731
430 584 428 582 373 375
-430 -584
-430 -428
-584 -428
-582 -373
-582 -375
-373 -375
-430 -732
-584 -732
-428 -732
-582 732
-373 732
-375 732
583 528 310 585 530
-583 -528
-583 -310
-528 -310
-585 -530
-583 -733
-528 -733
-310 -733
-585 733
-530 733
505 509 485 483 253
-505 -509
-505 -485
-509 -485
-483 -253
-505 -734
-509 -734
-485 -734
-483 734
-253 734
592 334 290 597
-592 -334
-290 -597
-592 -735
-334 -735
-290 735
-597 735
192 570 383 573 388
-192 -570
-192 -383
-570 -383
-573 -388
-192 -736
-570 -736
-383 -736
-573 736
-388 736
364 636 641 151 362
-364 -636
-364 -641
-636 -641
-151 -362
-364 -737
-636 -737
-641 -737
-151 737
-362 737
628 564 384 626 386 559
-628 -564
-628 -384
-564 -384
-626 -386
-626 -559
-386 -559
-628 -738
-564 -738
-384 -738
-626 738
-386 738
-559 738
449 233 316 454
-449 -233
-316 -454
-449 -739
-233 -739
-316 739
-454 739
193 561 319 563
-193 -561
-319 -563
-193 -740
-561 -740
-319 740
-563 740
515 520 282 201
-515 -520
-282 -201
-515 -741
-520 -741
-282 741
-201 741
308 320 323
-308 -320
-308 -742
-320 -742
-323 742
493 538 498 529 527 540
-493 -538
-493 -498
-538 -498
-529 -527
-529 -540
-527 -540
-493 -743
-538 -743
-498 -743
-529 743
-527 743
-540 743
615 335 617 144
-615 -335
-617 -144
-615 -744
-335 -744
-617 744
-144 744
329 305 396 398
-329 -305
-396 -398
-329 -745
-305 -745
-396 745
-398 745
508 625 507 154 630
-508 -625
-508 -507
-625 -507
-154 -630
-508 -746
-625 -746
-507 -746
-154 746
-630 746
266 338 299
-266 -338
-266 -747
-338 -747
-299 747
553 427 548 432 539 541
-553 -427
-553 -548
-427 -548
-432 -539
-432 -541
-539 -541
-553 -748
-427 -748
-548 -748
-432 748
-539 748
-541 748
394 235 100 399
-394 -235
-100 -399
-394 -749
-235 -749
-100 749
-399 749
340 586 581 417 419 342
-340 -586
-340 -581
-586 -581
-417 -419
-417 -342
-419 -342
-340 -750
-586 -750
-581 -750
-417 750
-419 750
-342 750
593 595 145 127
-593 -595
-145 -127
-593 -751
-595 -751
-145 751
-127 751
494 551 283 549 496
-494 -551
-494 -283
-551 -283
-549 -496
-494 -752
-551 -752
-283 -752
-549 752
-496 752
181 504 572 506 574
-181 -504
-181 -572
-504 -572
-506 -574
-181 -753
-504 -753
-572 -753
-506 753
-574 753
277 462 464 640 638
-277 -462
-277 -464
-462 -464
-640 -638
-277 -754
-462 -754
-464 -754
-640 754
-638 754
516 550 552 518 267
-516 -550
-516 -552
-550 -552
-518 -267
-516 -755
-550 -755
-552 -755
-518 755
-267 755
230 136 614 619
-230 -136
-614 -619
-230 -756
-136 -756
-614 756
-619 756
439 603 441 317 608
-439 -603
-439 -441
-603 -441
-317 -608
-439 -757
-603 -757
-441 -757
-317 757
-608 757
254 215 314
-254 -215
-254 -758
-215 -758
-314 758
112 263 268
-112 -263
-112 -759
-263 -759
-268 759
472 474 269 202
-472 -474
-269 -202
-472 -760
-474 -760
-269 760
-202 760
627 571 484 486 575 629
-627 -571
-627 -484
-571 -484
-486 -575
-486 -629
-575 -629
-627 -761
-571 -761
-484 -761
-486 761
-575 761
-629 761
278 596 616 594 618
-278 -596
-278 -616
-596 -616
-594 -618
-278 -762
-596 -762
-616 -762
-594 762
-618 762
88 169 218
-88 -169
-88 -763
-169 -763
-218 763
372 236 275 377
-372 -236
-275 -377
-372 -764
-236 -764
-275 764
-377 764
284 537 344 339 542
-284 -537
-284 -344
-537 -344
-339 -542
-284 -765
-537 -765
-344 -765
-339 765
-542 765
766 767
768 769
770 771
772 773
774 775
776 777
778 779
780 781
782 783
784 785
786 787
788 789
790 791
792 793
794 795
796 797
798 799
800 801
802 803
804 805
806 807
808 809
810 811
812 813
814 815
816 817
818 819
820 821
822 823
824 825
826 827
828 829
830 831
832 833
834 835
836 837
838 839
840 841
842 843
844 845
846 847
848 849
850 851
852 853
854 855
856 857
858 859
860 861
862 863
864 865
866 867
868 869
870 871
872 873
874 875
308 320 323
-308
267 -320
267 268 -323
-876
-877
828
-829
-308 -878
-308 879
-308 854
-308 -855
-320 -880
-320 881
-320 862
-320 -863
-323 -882
-323 883
-323 864
-323 -865
-647 884 885
-647 -884 -885
-647 885 886 -887
-647 885 -886 887
-885 -647 886 887
-885 -647 -886 -887
-647 804 -767
-647 -804 767
-647 805 766 -767
-647 805 -766 767
-647 -805 766 767
-647 -805 -766 -767
-603 888 885
-603 -888 -885
-603 885 889 -887
-603 885 -889 887
-885 -603 889 887
-885 -603 -889 -887
-603 858 -767
-603 -858 767
-603 859 766 -767
-603 859 -766 767
-603 -859 766 767
-603 -859 -766 -767
-648 890 885
-648 -890 -885
-648 885 891 -887
-648 885 -891 887
-885 -648 891 887
-885 -648 -891 -887
-648 774 -767
-648 -774 767
-648 775 766 -767
-648 775 -766 767
-648 -775 766 767
-648 -775 -766 -767
-88 892 885
-88 -892 -885
-88 885 893 -887
-88 885 -893 887
-885 -88 893 887
-885 -88 -893 -887
-88 870 -767
-88 -870 767
-88 871 766 -767
-88 871 -766 767
-88 -871 766 767
-88 -871 -766 -767
-604 894 885
-604 -894 -885
-604 885 895 -887
-604 885 -895 887
-885 -604 895 887
-885 -604 -895 -887
-604 788 -767
-604 -788 767
-604 789 766 -767
-604 789 -766 767
-604 -789 766 767
-604 -789 -766 -767
-100 896 897
-100 -896 -897
-100 897 898 -899
-100 897 -898 899
-897 -100 898 899
-897 -100 -898 -899
-100 842 -769
-100 -842 769
-100 843 768 -769
-100 843 -768 769
-100 -843 768 769
-100 -843 -768 -769
-463 900 897
-463 -900 -897
-463 897 901 -899
-463 897 -901 899
-897 -463 901 899
-897 -463 -901 -899
-463 798 -769
-463 -798 769
-463 799 768 -769
-463 799 -768 769
-463 -799 768 769
-463 -799 -768 -769
-462 902 897
-462 -902 -897
-462 897 903 -899
-462 897 -903 899
-897 -462 903 899
-897 -462 -903 -899
-462 852 -769
-462 -852 769
-462 853 768 -769
-462 853 -768 769
-462 -853 768 769
-462 -853 -768 -769
-364 904 897
-364 -904 -897
-364 897 905 -899
-364 897 -905 899
-897 -364 905 899
-897 -364 -905 -899
-364 818 -769
-364 -818 769
-364 819 768 -769
-364 819 -768 769
-364 -819 768 769
-364 -819 -768 -769
-363 906 897
-363 -906 -897
-363 897 907 -899
-363 897 -907 899
-897 -363 907 899
-897 -363 -907 -899
-363 790 -769
-363 -790 769
-363 791 768 -769
-363 791 -768 769
-363 -791 768 769
-363 -791 -768 -769
-112 880 908
-112 -880 -908
-112 908 881 -909
-112 908 -881 909
-908 -112 881 909
-908 -112 -881 -909
-112 862 -771
-112 -862 771
-112 863 770 -771
-112 863 -770 771
-112 -863 770 771
-112 -863 -770 -771
-484 910 908
-484 -910 -908
-484 908 911 -909
-484 908 -911 909
-908 -484 911 909
-908 -484 -911 -909
-484 866 -771
-484 -866 771
-484 867 770 -771
-484 867 -770 771
-484 -867 770 771
-484 -867 -770 -771
-485 912 908
-485 -912 -908
-485 908 913 -909
-485 908 -913 909
-908 -485 913 909
-908 -485 -913 -909
-485 812 -771
-485 -812 771
-485 813 770 -771
-485 813 -770 771
-485 -813 770 771
-485 -813 -770 -771
-383 914 908
-383 -914 -908
-383 908 915 -909
-383 908 -915 909
-908 -383 915 909
-908 -383 -915 -909
-383 816 -771
-383 -816 771
-383 817 770 -771
-383 817 -770 771
-383 -817 770 771
-383 -817 -770 -771
-384 916 908
-384 -916 -908
-384 908 917 -909
-384 908 -917 909
-908 -384 917 909
-908 -384 -917 -909
-384 820 -771
-384 -820 771
-384 821 770 -771
-384 821 -770 771
-384 -821 770 771
-384 -821 -770 -771
-427 918 919
-427 -918 -919
-427 919 920 -921
-427 919 -920 921
-919 -427 920 921
-919 -427 -920 -921
-427 840 -773
-427 -840 773
-427 841 772 -773
-427 841 -772 773
-427 -841 772 773
-427 -841 -772 -773
-340 922 919
-340 -922 -919
-340 919 923 -921
-340 919 -923 921
-919 -340 923 921
-919 -340 -923 -921
-340 844 -773
-340 -844 773
-340 845 772 -773
-340 845 -772 773
-340 -845 772 773
-340 -845 -772 -773
-428 924 919
-428 -924 -919
-428 919 925 -921
-428 919 -925 921
-919 -428 925 921
-919 -428 -925 -921
-428 808 -773
-428 -808 773
-428 809 772 -773
-428 809 -772 773
-428 -809 772 773
-428 -809 -772 -773
-528 926 919
-528 -926 -919
-528 919 927 -921
-528 919 -927 921
-919 -528 927 921
-919 -528 -927 -921
-528 810 -773
-528 -810 773
-528 811 772 -773
-528 811 -772 773
-528 -811 772 773
-528 -811 -772 -773
-339 928 919
-339 -928 -919
-339 919 929 -921
-339 919 -929 921
-919 -339 929 921
-919 -339 -929 -921
-339 874 -773
-339 -874 773
-339 875 772 -773
-339 875 -772 773
-339 -875 772 773
-339 -875 -772 -773
-529 930 919
-529 -930 -919
-529 919 931 -921
-529 919 -931 921
-919 -529 931 921
-919 -529 -931 -921
-529 830 -773
-529 -830 773
-529 831 772 -773
-529 831 -772 773
-529 -831 772 773
-529 -831 -772 -773
-440 932 890
-440 -932 -890
-440 890 933 -891
-440 890 -933 891
-890 -440 933 891
-890 -440 -933 -891
-440 792 -775
-440 -792 775
-440 793 774 -775
-440 793 -774 775
-440 -793 774 775
-440 -793 -774 -775
-651 885 890
-651 -885 -890
-651 890 887 -891
-651 890 -887 891
-890 -651 887 891
-890 -651 -887 -891
-651 766 -775
-651 -766 775
-651 767 774 -775
-651 767 -774 775
-651 -767 774 775
-651 -767 -774 -775
-652 884 890
-652 -884 -890
-652 890 886 -891
-652 890 -886 891
-890 -652 886 891
-890 -652 -886 -891
-652 804 -775
-652 -804 775
-652 805 774 -775
-652 805 -774 775
-652 -805 774 775
-652 -805 -774 -775
-350 934 890
-350 -934 -890
-350 890 935 -891
-350 890 -935 891
-890 -350 935 891
-890 -350 -935 -891
-350 806 -775
-350 -806 775
-350 807 774 -775
-350 807 -774 775
-350 -807 774 775
-350 -807 -774 -775
-441 888 890
-441 -888 -890
-441 890 889 -891
-441 890 -889 891
-890 -441 889 891
-890 -441 -889 -891
-441 858 -775
-441 -858 775
-441 859 774 -775
-441 859 -774 775
-441 -859 774 775
-441 -859 -774 -775
-351 936 890
-351 -936 -890
-351 890 937 -891
-351 890 -937 891
-890 -351 937 891
-890 -351 -937 -891
-351 778 -775
-351 -778 775
-351 779 774 -775
-351 779 -774 775
-351 -779 774 775
-351 -779 -774 -775
-398 938 939
-398 -938 -939
-398 939 940 -941
-398 939 -940 941
-939 -398 940 941
-939 -398 -940 -941
-398 834 -777
-398 -834 777
-398 835 776 -777
-398 835 -776 777
-398 -835 776 777
-398 -835 -776 -777
-126 900 939
-126 -900 -939
-126 939 901 -941
-126 939 -901 941
-939 -126 901 941
-939 -126 -901 -941
-126 798 -777
-126 -798 777
-126 799 776 -777
-126 799 -776 777
-126 -799 776 777
-126 -799 -776 -777
-399 896 939
-399 -896 -939
-399 939 898 -941
-399 939 -898 941
-939 -399 898 941
-939 -399 -898 -941
-399 842 -777
-399 -842 777
-399 843 776 -777
-399 843 -776 777
-399 -843 776 777
-399 -843 -776 -777
-127 942 939
-127 -942 -939
-127 939 943 -941
-127 939 -943 941
-939 -127 943 941
-939 -127 -943 -941
-127 846 -777
-127 -846 777
-127 847 776 -777
-127 847 -776 777
-127 -847 776 777
-127 -847 -776 -777
-640 902 936
-640 -902 -936
-640 936 903 -937
-640 936 -903 937
-936 -640 903 937
-936 -640 -903 -937
-640 852 -779
-640 -852 779
-640 853 778 -779
-640 853 -778 779
-640 -853 778 779
-640 -853 -778 -779
-354 890 936
-354 -890 -936
-354 936 891 -937
-354 936 -891 937
-936 -354 891 937
-936 -354 -891 -937
-354 774 -779
-354 -774 779
-354 775 778 -779
-354 775 -778 779
-354 -775 778 779
-354 -775 -778 -779
-355 934 936
-355 -934 -936
-355 936 935 -937
-355 936 -935 937
-936 -355 935 937
-936 -355 -935 -937
-355 806 -779
-355 -806 779
-355 807 778 -779
-355 807 -778 779
-355 -807 778 779
-355 -807 -778 -779
-129 944 936
-129 -944 -936
-129 936 945 -937
-129 936 -945 937
-936 -129 945 937
-936 -129 -945 -937
-129 782 -779
-129 -782 779
-129 783 778 -779
-129 783 -778 779
-129 -783 778 779
-129 -783 -778 -779
-641 904 936
-641 -904 -936
-641 936 905 -937
-641 936 -905 937
-936 -641 905 937
-936 -641 -905 -937
-641 818 -779
-641 -818 779
-641 819 778 -779
-641 819 -778 779
-641 -819 778 779
-641 -819 -778 -779
-417 922 946
-417 -922 -946
-417 946 923 -947
-417 946 -923 947
-946 -417 923 947
-946 -417 -923 -947
-417 844 -781
-417 -844 781
-417 845 780 -781
-417 845 -780 781
-417 -845 780 781
-417 -845 -780 -781
-136 948 946
-136 -948 -946
-136 946 949 -947
-136 946 -949 947
-946 -136 949 947
-946 -136 -949 -947
-136 856 -781
-136 -856 781
-136 857 780 -781
-136 857 -780 781
-136 -857 780 781
-136 -857 -780 -781
-373 924 946
-373 -924 -946
-373 946 925 -947
-373 946 -925 947
-946 -373 925 947
-946 -373 -925 -947
-373 808 -781
-373 -808 781
-373 809 780 -781
-373 809 -780 781
-373 -809 780 781
-373 -809 -780 -781
-372 950 946
-372 -950 -946
-372 946 951 -947
-372 946 -951 947
-946 -372 951 947
-946 -372 -951 -947
-372 872 -781
-372 -872 781
-372 873 780 -781
-372 873 -780 781
-372 -873 780 781
-372 -873 -780 -781
-416 952 946
-416 -952 -946
-416 946 953 -947
-416 946 -953 947
-946 -416 953 947
-946 -416 -953 -947
-416 784 -781
-416 -784 781
-416 785 780 -781
-416 785 -780 781
-416 -785 780 781
-416 -785 -780 -781
-407 954 944
-407 -954 -944
-407 944 955 -945
-407 944 -955 945
-944 -407 955 945
-944 -407 -955 -945
-407 802 -783
-407 -802 783
-407 803 782 -783
-407 803 -782 783
-407 -803 782 783
-407 -803 -782 -783
-139 906 944
-139 -906 -944
-139 944 907 -945
-139 944 -907 945
-944 -139 907 945
-944 -139 -907 -945
-139 790 -783
-139 -790 783
-139 791 782 -783
-139 791 -782 783
-139 -791 782 783
-139 -791 -782 -783
-408 956 944
-408 -956 -944
-408 944 957 -945
-408 944 -957 945
-944 -408 957 945
-944 -408 -957 -945
-408 786 -783
-408 -786 783
-408 787 782 -783
-408 787 -782 783
-408 -787 782 783
-408 -787 -782 -783
-138 936 944
-138 -936 -944
-138 944 937 -945
-138 944 -937 945
-944 -138 937 945
-944 -138 -937 -945
-138 778 -783
-138 -778 783
-138 779 782 -783
-138 779 -782 783
-138 -779 782 783
-138 -779 -782 -783
-418 946 952
-418 -946 -952
-418 952 947 -953
-418 952 -947 953
-952 -418 947 953
-952 -418 -947 -953
-418 780 -785
-418 -780 785
-418 781 784 -785
-418 781 -784 785
-418 -781 784 785
-418 -781 -784 -785
-419 922 952
-419 -922 -952
-419 952 923 -953
-419 952 -923 953
-952 -419 923 953
-952 -419 -923 -953
-419 844 -785
-419 -844 785
-419 845 784 -785
-419 845 -784 785
-419 -845 784 785
-419 -845 -784 -785
-145 942 952
-145 -942 -952
-145 952 943 -953
-145 952 -943 953
-952 -145 943 953
-952 -145 -943 -953
-145 846 -785
-145 -846 785
-145 847 784 -785
-145 847 -784 785
-145 -847 784 785
-145 -847 -784 -785
-144 958 952
-144 -958 -952
-144 952 959 -953
-144 952 -959 953
-952 -144 959 953
-952 -144 -959 -953
-144 832 -785
-144 -832 785
-144 833 784 -785
-144 833 -784 785
-144 -833 784 785
-144 -833 -784 -785
-150 900 956
-150 -900 -956
-150 956 901 -957
-150 956 -901 957
-956 -150 901 957
-956 -150 -901 -957
-150 798 -787
-150 -798 787
-150 799 786 -787
-150 799 -786 787
-150 -799 786 787
-150 -799 -786 -787
-409 954 956
-409 -954 -956
-409 956 955 -957
-409 956 -955 957
-956 -409 955 957
-956 -409 -955 -957
-409 802 -787
-409 -802 787
-409 803 786 -787
-409 803 -786 787
-409 -803 786 787
-409 -803 -786 -787
-410 944 956
-410 -944 -956
-410 956 945 -957
-410 956 -945 957
-956 -410 945 957
-956 -410 -945 -957
-410 782 -787
-410 -782 787
-410 783 786 -787
-410 783 -786 787
-410 -783 786 787
-410 -783 -786 -787
-151 904 956
-151 -904 -956
-151 956 905 -957
-151 956 -905 957
-956 -151 905 957
-956 -151 -905 -957
-151 818 -787
-151 -818 787
-151 819 786 -787
-151 819 -786 787
-151 -819 786 787
-151 -819 -786 -787
-453 932 894
-453 -932 -894
-453 894 933 -895
-453 894 -933 895
-894 -453 933 895
-894 -453 -933 -895
-453 792 -789
-453 -792 789
-453 793 788 -789
-453 793 -788 789
-453 -793 788 789
-453 -793 -788 -789
-154 960 894
-154 -960 -894
-154 894 961 -895
-154 894 -961 895
-894 -154 961 895
-894 -154 -961 -895
-154 836 -789
-154 -836 789
-154 837 788 -789
-154 837 -788 789
-154 -837 788 789
-154 -837 -788 -789
-607 885 894
-607 -885 -894
-607 894 887 -895
-607 894 -887 895
-894 -607 887 895
-894 -607 -887 -895
-607 766 -789
-607 -766 789
-607 767 788 -789
-607 767 -788 789
-607 -767 788 789
-607 -767 -788 -789
-608 888 894
-608 -888 -894
-608 894 889 -895
-608 894 -889 895
-894 -608 889 895
-894 -608 -889 -895
-608 858 -789
-608 -858 789
-608 859 788 -789
-608 859 -788 789
-608 -859 788 789
-608 -859 -788 -789
-454 962 894
-454 -962 -894
-454 894 963 -895
-454 894 -963 895
-894 -454 963 895
-894 -454 -963 -895
-454 822 -789
-454 -822 789
-454 823 788 -789
-454 823 -788 789
-454 -823 788 789
-454 -823 -788 -789
-168 944 906
-168 -944 -906
-168 906 945 -907
-168 906 -945 907
-906 -168 945 907
-906 -168 -945 -907
-168 782 -791
-168 -782 791
-168 783 790 -791
-168 783 -790 791
-168 -783 790 791
-168 -783 -790 -791
-361 897 906
-361 -897 -906
-361 906 899 -907
-361 906 -899 907
-906 -361 899 907
-906 -361 -899 -907
-361 768 -791
-361 -768 791
-361 769 790 -791
-361 769 -790 791
-361 -769 790 791
-361 -769 -790 -791
-169 892 906
-169 -892 -906
-169 906 893 -907
-169 906 -893 907
-906 -169 893 907
-906 -169 -893 -907
-169 870 -791
-169 -870 791
-169 871 790 -791
-169 871 -790 791
-169 -871 790 791
-169 -871 -790 -791
-362 904 906
-362 -904 -906
-362 906 905 -907
-362 906 -905 907
-906 -362 905 907
-906 -362 -905 -907
-362 818 -791
-362 -818 791
-362 819 790 -791
-362 819 -790 791
-362 -819 790 791
-362 -819 -790 -791
-181 964 932
-181 -964 -932
-181 932 965 -933
-181 932 -965 933
-932 -181 965 933
-932 -181 -965 -933
-181 850 -793
-181 -850 793
-181 851 792 -793
-181 851 -792 793
-181 -851 792 793
-181 -851 -792 -793
-438 890 932
-438 -890 -932
-438 932 891 -933
-438 932 -891 933
-932 -438 891 933
-932 -438 -891 -933
-438 774 -793
-438 -774 793
-438 775 792 -793
-438 775 -792 793
-438 -775 792 793
-438 -775 -792 -793
-439 888 932
-439 -888 -932
-439 932 889 -933
-439 932 -889 933
-932 -439 889 933
-932 -439 -889 -933
-439 858 -793
-439 -858 793
-439 859 792 -793
-439 859 -792 793
-439 -859 792 793
-439 -859 -792 -793
-450 894 932
-450 -894 -932
-450 932 895 -933
-450 932 -895 933
-932 -450 895 933
-932 -450 -895 -933
-450 788 -793
-450 -788 793
-450 789 792 -793
-450 789 -792 793
-450 -789 792 793
-450 -789 -792 -793
-449 962 932
-449 -962 -932
-449 932 963 -933
-449 932 -963 933
-932 -449 963 933
-932 -449 -963 -933
-449 822 -793
-449 -822 793
-449 823 792 -793
-449 823 -792 793
-449 -823 792 793
-449 -823 -792 -793
-471 966 967
-471 -966 -967
-471 967 968 -969
-471 967 -968 969
-967 -471 968 969
-967 -471 -968 -969
-471 796 -795
-471 -796 795
-471 797 794 -795
-471 797 -794 795
-471 -797 794 795
-471 -797 -794 -795
-494 970 967
-494 -970 -967
-494 967 971 -969
-494 967 -971 969
-967 -494 971 969
-967 -494 -971 -969
-494 848 -795
-494 -848 795
-494 849 794 -795
-494 849 -794 795
-494 -849 794 795
-494 -849 -794 -795
-516 878 967
-516 -878 -967
-516 967 879 -969
-516 967 -879 969
-967 -516 879 969
-967 -516 -879 -969
-516 854 -795
-516 -854 795
-516 855 794 -795
-516 855 -794 795
-516 -855 794 795
-516 -855 -794 -795
-472 882 967
-472 -882 -967
-472 967 883 -969
-472 967 -883 969
-967 -472 883 969
-967 -472 -883 -969
-472 864 -795
-472 -864 795
-472 865 794 -795
-472 865 -794 795
-472 -865 794 795
-472 -865 -794 -795
-515 972 967
-515 -972 -967
-515 967 973 -969
-515 967 -973 969
-967 -515 973 969
-967 -515 -973 -969
-515 826 -795
-515 -826 795
-515 827 794 -795
-515 827 -794 795
-515 -827 794 795
-515 -827 -794 -795
-493 930 967
-493 -930 -967
-493 967 931 -969
-493 967 -931 969
-967 -493 931 969
-967 -493 -931 -969
-493 830 -795
-493 -830 795
-493 831 794 -795
-493 831 -794 795
-493 -831 794 795
-493 -831 -794 -795
-193 974 966
-193 -974 -966
-193 966 975 -968
-193 966 -975 968
-966 -193 975 968
-966 -193 -975 -968
-193 824 -797
-193 -824 797
-193 825 796 -797
-193 825 -796 797
-193 -825 796 797
-193 -825 -796 -797
-473 967 966
-473 -967 -966
-473 966 969 -968
-473 966 -969 968
-966 -473 969 968
-966 -473 -969 -968
-473 794 -797
-473 -794 797
-473 795 796 -797
-473 795 -796 797
-473 -795 796 797
-473 -795 -796 -797
-192 914 966
-192 -914 -966
-192 966 915 -968
-192 966 -915 968
-966 -192 915 968
-966 -192 -915 -968
-192 816 -797
-192 -816 797
-192 817 796 -797
-192 817 -796 797
-192 -817 796 797
-192 -817 -796 -797
-474 882 966
-474 -882 -966
-474 966 883 -968
-474 966 -883 968
-966 -474 883 968
-966 -474 -883 -968
-474 864 -797
-474 -864 797
-474 865 796 -797
-474 865 -796 797
-474 -865 796 797
-474 -865 -796 -797
-464 902 900
-464 -902 -900
-464 900 903 -901
-464 900 -903 901
-900 -464 903 901
-900 -464 -903 -901
-464 852 -799
-464 -852 799
-464 853 798 -799
-464 853 -798 799
-464 -853 798 799
-464 -853 -798 -799
-465 897 900
-465 -897 -900
-465 900 899 -901
-465 900 -899 901
-900 -465 899 901
-900 -465 -899 -901
-465 768 -799
-465 -768 799
-465 769 798 -799
-465 769 -798 799
-465 -769 798 799
-465 -769 -798 -799
-197 939 900
-197 -939 -900
-197 900 941 -901
-197 900 -941 901
-900 -197 941 901
-900 -197 -941 -901
-197 776 -799
-197 -776 799
-197 777 798 -799
-197 777 -798 799
-197 -777 798 799
-197 -777 -798 -799
-198 956 900
-198 -956 -900
-198 900 957 -901
-198 900 -957 901
-900 -198 957 901
-900 -198 -957 -901
-198 786 -799
-198 -786 799
-198 787 798 -799
-198 787 -798 799
-198 -787 798 799
-198 -787 -798 -799
-563 974 976
-563 -974 -976
-563 976 975 -977
-563 976 -975 977
-976 -563 975 977
-976 -563 -975 -977
-563 824 -801
-563 -824 801
-563 825 800 -801
-563 825 -800 801
-563 -825 800 801
-563 -825 -800 -801
-201 972 976
-201 -972 -976
-201 976 973 -977
-201 976 -973 977
-976 -201 973 977
-976 -201 -973 -977
-201 826 -801
-201 -826 801
-201 827 800 -801
-201 827 -800 801
-201 -827 800 801
-201 -827 -800 -801
-564 916 976
-564 -916 -976
-564 976 917 -977
-564 976 -917 977
-976 -564 917 977
-976 -564 -917 -977
-564 820 -801
-564 -820 801
-564 821 800 -801
-564 821 -800 801
-564 -821 800 801
-564 -821 -800 -801
-202 882 976
-202 -882 -976
-202 976 883 -977
-202 976 -883 977
-976 -202 883 977
-976 -202 -883 -977
-202 864 -801
-202 -864 801
-202 865 800 -801
-202 865 -800 801
-202 -865 800 801
-202 -865 -800 -801
-405 944 954
-405 -944 -954
-405 954 945 -955
-405 954 -945 955
-954 -405 945 955
-954 -405 -945 -955
-405 782 -803
-405 -782 803
-405 783 802 -803
-405 783 -802 803
-405 -783 802 803
-405 -783 -802 -803
-207 884 954
-207 -884 -954
-207 954 886 -955
-207 954 -886 955
-954 -207 886 955
-954 -207 -886 -955
-207 804 -803
-207 -804 803
-207 805 802 -803
-207 805 -802 803
-207 -805 802 803
-207 -805 -802 -803
-208 934 954
-208 -934 -954
-208 954 935 -955
-208 954 -935 955
-954 -208 935 955
-954 -208 -935 -955
-208 806 -803
-208 -806 803
-208 807 802 -803
-208 807 -802 803
-208 -807 802 803
-208 -807 -802 -803
-406 956 954
-406 -956 -954
-406 954 957 -955
-406 954 -957 955
-954 -406 957 955
-954 -406 -957 -955
-406 786 -803
-406 -786 803
-406 787 802 -803
-406 787 -802 803
-406 -787 802 803
-406 -787 -802 -803
-649 885 884
-649 -885 -884
-649 884 887 -886
-649 884 -887 886
-884 -649 887 886
-884 -649 -887 -886
-649 766 -805
-649 -766 805
-649 767 804 -805
-649 767 -804 805
-649 -767 804 805
-649 -767 -804 -805
-650 890 884
-650 -890 -884
-650 884 891 -886
-650 884 -891 886
-884 -650 891 886
-884 -650 -891 -886
-650 774 -805
-650 -774 805
-650 775 804 -805
-650 775 -804 805
-650 -775 804 805
-650 -775 -804 -805
-215 978 884
-215 -978 -884
-215 884 979 -886
-215 884 -979 886
-884 -215 979 886
-884 -215 -979 -886
-215 860 -805
-215 -860 805
-215 861 804 -805
-215 861 -804 805
-215 -861 804 805
-215 -861 -804 -805
-213 954 884
-213 -954 -884
-213 884 955 -886
-213 884 -955 886
-884 -213 955 886
-884 -213 -955 -886
-213 802 -805
-213 -802 805
-213 803 804 -805
-213 803 -804 805
-213 -803 804 805
-213 -803 -804 -805
-217 954 934
-217 -954 -934
-217 934 955 -935
-217 934 -955 935
-934 -217 955 935
-934 -217 -955 -935
-217 802 -807
-217 -802 807
-217 803 806 -807
-217 803 -806 807
-217 -803 806 807
-217 -803 -806 -807
-218 892 934
-218 -892 -934
-218 934 893 -935
-218 934 -893 935
-934 -218 893 935
-934 -218 -893 -935
-218 870 -807
-218 -870 807
-218 871 806 -807
-218 871 -806 807
-218 -871 806 807
-218 -871 -806 -807
-352 890 934
-352 -890 -934
-352 934 891 -935
-352 934 -891 935
-934 -352 891 935
-934 -352 -891 -935
-352 774 -807
-352 -774 807
-352 775 806 -807
-352 775 -806 807
-352 -775 806 807
-352 -775 -806 -807
-353 936 934
-353 -936 -934
-353 934 937 -935
-353 934 -937 935
-934 -353 937 935
-934 -353 -937 -935
-353 778 -807
-353 -778 807
-353 779 806 -807
-353 779 -806 807
-353 -779 806 807
-353 -779 -806 -807
-432 918 924
-432 -918 -924
-432 924 920 -925
-432 924 -920 925
-924 -432 920 925
-924 -432 -920 -925
-432 840 -809
-432 -840 809
-432 841 808 -809
-432 841 -808 809
-432 -841 808 809
-432 -841 -808 -809
-586 922 924
-586 -922 -924
-586 924 923 -925
-586 924 -923 925
-924 -586 923 925
-924 -586 -923 -925
-586 844 -809
-586 -844 809
-586 845 808 -809
-586 845 -808 809
-586 -845 808 809
-586 -845 -808 -809
-431 919 924
-431 -919 -924
-431 924 921 -925
-431 924 -921 925
-924 -431 921 925
-924 -431 -921 -925
-431 772 -809
-431 -772 809
-431 773 808 -809
-431 773 -808 809
-431 -773 808 809
-431 -773 -808 -809
-585 926 924
-585 -926 -924
-585 924 927 -925
-585 924 -927 925
-924 -585 927 925
-924 -585 -927 -925
-585 810 -809
-585 -810 809
-585 811 808 -809
-585 811 -808 809
-585 -811 808 809
-585 -811 -808 -809
-376 946 924
-376 -946 -924
-376 924 947 -925
-376 924 -947 925
-924 -376 947 925
-924 -376 -947 -925
-376 780 -809
-376 -780 809
-376 781 808 -809
-376 781 -808 809
-376 -781 808 809
-376 -781 -808 -809
-377 950 924
-377 -950 -924
-377 924 951 -925
-377 924 -951 925
-924 -377 951 925
-924 -377 -951 -925
-377 872 -809
-377 -872 809
-377 873 808 -809
-377 873 -808 809
-377 -873 808 809
-377 -873 -808 -809
-581 922 926
-581 -922 -926
-581 926 923 -927
-581 926 -923 927
-926 -581 923 927
-926 -581 -923 -927
-581 844 -811
-581 -844 811
-581 845 810 -811
-581 845 -810 811
-581 -845 810 811
-581 -845 -810 -811
-526 919 926
-526 -919 -926
-526 926 921 -927
-526 926 -921 927
-926 -526 921 927
-926 -526 -921 -927
-526 772 -811
-526 -772 811
-526 773 810 -811
-526 773 -810 811
-526 -773 810 811
-526 -773 -810 -811
-230 948 926
-230 -948 -926
-230 926 949 -927
-230 926 -949 927
-926 -230 949 927
-926 -230 -949 -927
-230 856 -811
-230 -856 811
-230 857 810 -811
-230 857 -810 811
-230 -857 810 811
-230 -857 -810 -811
-582 924 926
-582 -924 -926
-582 926 925 -927
-582 926 -925 927
-926 -582 925 927
-926 -582 -925 -927
-582 808 -811
-582 -808 811
-582 809 810 -811
-582 809 -810 811
-582 -809 810 811
-582 -809 -810 -811
-527 930 926
-527 -930 -926
-527 926 931 -927
-527 926 -931 927
-926 -527 931 927
-926 -527 -931 -927
-527 830 -811
-527 -830 811
-527 831 810 -811
-527 831 -810 811
-527 -831 810 811
-527 -831 -810 -811
-507 960 912
-507 -960 -912
-507 912 961 -913
-507 912 -961 913
-912 -507 961 913
-912 -507 -961 -913
-507 836 -813
-507 -836 813
-507 837 812 -813
-507 837 -812 813
-507 -837 812 813
-507 -837 -812 -813
-506 964 912
-506 -964 -912
-506 912 965 -913
-506 912 -965 913
-912 -506 965 913
-912 -506 -965 -913
-506 850 -813
-506 -850 813
-506 851 812 -813
-506 851 -812 813
-506 -851 812 813
-506 -851 -812 -813
-487 908 912
-487 -908 -912
-487 912 909 -913
-487 912 -909 913
-912 -487 909 913
-912 -487 -909 -913
-487 770 -813
-487 -770 813
-487 771 812 -813
-487 771 -812 813
-487 -771 812 813
-487 -771 -812 -813
-486 910 912
-486 -910 -912
-486 912 911 -913
-486 912 -911 913
-912 -486 911 913
-912 -486 -911 -913
-486 866 -813
-486 -866 813
-486 867 812 -813
-486 867 -812 813
-486 -867 812 813
-486 -867 -812 -813
-233 962 912
-233 -962 -912
-233 912 963 -913
-233 912 -963 913
-912 -233 963 913
-912 -233 -963 -913
-233 822 -813
-233 -822 813
-233 823 812 -813
-233 823 -812 813
-233 -823 812 813
-233 -823 -812 -813
-594 980 981
-594 -980 -981
-594 981 982 -983
-594 981 -982 983
-981 -594 982 983
-981 -594 -982 -983
-594 868 -815
-594 -868 815
-594 869 814 -815
-594 869 -814 815
-594 -869 814 815
-594 -869 -814 -815
-236 950 981
-236 -950 -981
-236 981 951 -983
-236 981 -951 983
-981 -236 951 983
-981 -236 -951 -983
-236 872 -815
-236 -872 815
-236 873 814 -815
-236 873 -814 815
-236 -873 814 815
-236 -873 -814 -815
-235 896 981
-235 -896 -981
-235 981 898 -983
-235 981 -898 983
-981 -235 898 983
-981 -235 -898 -983
-235 842 -815
-235 -842 815
-235 843 814 -815
-235 843 -814 815
-235 -843 814 815
-235 -843 -814 -815
-595 942 981
-595 -942 -981
-595 981 943 -983
-595 981 -943 983
-981 -595 943 983
-981 -595 -943 -983
-595 846 -815
-595 -846 815
-595 847 814 -815
-595 847 -814 815
-595 -847 814 815
-595 -847 -814 -815
-238 966 914
-238 -966 -914
-238 914 968 -915
-238 914 -968 915
-914 -238 968 915
-914 -238 -968 -915
-238 796 -817
-238 -796 817
-238 797 816 -817
-238 797 -816 817
-238 -797 816 817
-238 -797 -816 -817
-574 964 914
-574 -964 -914
-574 914 965 -915
-574 914 -965 915
-914 -574 965 915
-914 -574 -965 -915
-574 850 -817
-574 -850 817
-574 851 816 -817
-574 851 -816 817
-574 -851 816 817
-574 -851 -816 -817
-385 908 914
-385 -908 -914
-385 914 909 -915
-385 914 -909 915
-914 -385 909 915
-914 -385 -909 -915
-385 770 -817
-385 -770 817
-385 771 816 -817
-385 771 -816 817
-385 -771 816 817
-385 -771 -816 -817
-575 910 914
-575 -910 -914
-575 914 911 -915
-575 914 -911 915
-914 -575 911 915
-914 -575 -911 -915
-575 866 -817
-575 -866 817
-575 867 816 -817
-575 867 -816 817
-575 -867 816 817
-575 -867 -816 -817
-386 916 914
-386 -916 -914
-386 914 917 -915
-386 914 -917 915
-914 -386 917 915
-914 -386 -917 -915
-386 820 -817
-386 -820 817
-386 821 816 -817
-386 821 -816 817
-386 -821 816 817
-386 -821 -816 -817
-366 897 904
-366 -897 -904
-366 904 899 -905
-366 904 -899 905
-904 -366 899 905
-904 -366 -899 -905
-366 768 -819
-366 -768 819
-366 769 818 -819
-366 769 -818 819
-366 -769 818 819
-366 -769 -818 -819
-638 902 904
-638 -902 -904
-638 904 903 -905
-638 904 -903 905
-904 -638 903 905
-904 -638 -903 -905
-638 852 -819
-638 -852 819
-638 853 818 -819
-638 853 -818 819
-638 -853 818 819
-638 -853 -818 -819
-639 936 904
-639 -936 -904
-639 904 937 -905
-639 904 -937 905
-904 -639 937 905
-904 -639 -937 -905
-639 778 -819
-639 -778 819
-639 779 818 -819
-639 779 -818 819
-639 -779 818 819
-639 -779 -818 -819
-247 956 904
-247 -956 -904
-247 904 957 -905
-247 904 -957 905
-904 -247 957 905
-904 -247 -957 -905
-247 786 -819
-247 -786 819
-247 787 818 -819
-247 787 -818 819
-247 -787 818 819
-247 -787 -818 -819
-365 906 904
-365 -906 -904
-365 904 907 -905
-365 904 -907 905
-904 -365 907 905
-904 -365 -907 -905
-365 790 -819
-365 -790 819
-365 791 818 -819
-365 791 -818 819
-365 -791 818 819
-365 -791 -818 -819
-630 960 916
-630 -960 -916
-630 916 961 -917
-630 916 -961 917
-916 -630 961 917
-916 -630 -961 -917
-630 836 -821
-630 -836 821
-630 837 820 -821
-630 837 -820 821
-630 -837 820 821
-630 -837 -820 -821
-562 976 916
-562 -976 -916
-562 916 977 -917
-562 916 -977 917
-916 -562 977 917
-916 -562 -977 -917
-562 800 -821
-562 -800 821
-562 801 820 -821
-562 801 -820 821
-562 -801 820 821
-562 -801 -820 -821
-387 908 916
-387 -908 -916
-387 916 909 -917
-387 916 -909 917
-916 -387 909 917
-916 -387 -909 -917
-387 770 -821
-387 -770 821
-387 771 820 -821
-387 771 -820 821
-387 -771 820 821
-387 -771 -820 -821
-629 910 916
-629 -910 -916
-629 916 911 -917
-629 916 -911 917
-916 -629 911 917
-916 -629 -911 -917
-629 866 -821
-629 -866 821
-629 867 820 -821
-629 867 -820 821
-629 -867 820 821
-629 -867 -820 -821
-388 914 916
-388 -914 -916
-388 916 915 -917
-388 916 -915 917
-916 -388 915 917
-916 -388 -915 -917
-388 816 -821
-388 -816 821
-388 817 820 -821
-388 817 -820 821
-388 -817 820 821
-388 -817 -820 -821
-561 974 916
-561 -974 -916
-561 916 975 -917
-561 916 -975 917
-916 -561 975 917
-916 -561 -975 -917
-561 824 -821
-561 -824 821
-561 825 820 -821
-561 825 -820 821
-561 -825 820 821
-561 -825 -820 -821
-451 932 962
-451 -932 -962
-451 962 933 -963
-451 962 -933 963
-962 -451 933 963
-962 -451 -933 -963
-451 792 -823
-451 -792 823
-451 793 822 -823
-451 793 -822 823
-451 -793 822 823
-451 -793 -822 -823
-253 912 962
-253 -912 -962
-253 962 913 -963
-253 962 -913 963
-962 -253 913 963
-962 -253 -913 -963
-253 812 -823
-253 -812 823
-253 813 822 -823
-253 813 -822 823
-253 -813 822 823
-253 -813 -822 -823
-254 978 962
-254 -978 -962
-254 962 979 -963
-254 962 -979 963
-962 -254 979 963
-962 -254 -979 -963
-254 860 -823
-254 -860 823
-254 861 822 -823
-254 861 -822 823
-254 -861 822 823
-254 -861 -822 -823
-452 894 962
-452 -894 -962
-452 962 895 -963
-452 962 -895 963
-962 -452 895 963
-962 -452 -895 -963
-452 788 -823
-452 -788 823
-452 789 822 -823
-452 789 -822 823
-452 -789 822 823
-452 -789 -822 -823
-261 966 974
-261 -966 -974
-261 974 968 -975
-261 974 -968 975
-974 -261 968 975
-974 -261 -968 -975
-261 796 -825
-261 -796 825
-261 797 824 -825
-261 797 -824 825
-261 -797 824 825
-261 -797 -824 -825
-560 976 974
-560 -976 -974
-560 974 977 -975
-560 974 -977 975
-974 -560 977 975
-974 -560 -977 -975
-560 800 -825
-560 -800 825
-560 801 824 -825
-560 801 -824 825
-560 -801 824 825
-560 -801 -824 -825
-263 880 974
-263 -880 -974
-263 974 881 -975
-263 974 -881 975
-974 -263 881 975
-974 -263 -881 -975
-263 862 -825
-263 -862 825
-263 863 824 -825
-263 863 -824 825
-263 -863 824 825
-263 -863 -824 -825
-559 916 974
-559 -916 -974
-559 974 917 -975
-559 974 -917 975
-974 -559 917 975
-974 -559 -917 -975
-559 820 -825
-559 -820 825
-559 821 824 -825
-559 821 -824 825
-559 -821 824 825
-559 -821 -824 -825
-266 984 972
-266 -984 -972
-266 972 985 -973
-266 972 -985 973
-972 -266 985 973
-972 -266 -985 -973
-266 838 -827
-266 -838 827
-266 839 826 -827
-266 839 -826 827
-266 -839 826 827
-266 -839 -826 -827
-517 967 972
-517 -967 -972
-517 972 969 -973
-517 972 -969 973
-972 -517 969 973
-972 -517 -969 -973
-517 794 -827
-517 -794 827
-517 795 826 -827
-517 795 -826 827
-517 -795 826 827
-517 -795 -826 -827
-518 878 972
-518 -878 -972
-518 972 879 -973
-518 972 -879 973
-972 -518 879 973
-972 -518 -879 -973
-518 854 -827
-518 -854 827
-518 855 826 -827
-518 855 -826 827
-518 -855 826 827
-518 -855 -826 -827
-265 976 972
-265 -976 -972
-265 972 977 -973
-265 972 -977 973
-972 -265 977 973
-972 -265 -977 -973
-265 800 -827
-265 -800 827
-265 801 826 -827
-265 801 -826 827
-265 -801 826 827
-265 -801 -826 -827
-267 878 876
-267 -878 -876
-267 876 879 -877
-267 876 -879 877
-876 -267 879 877
-876 -267 -879 -877
-267 854 -829
-267 -854 829
-267 855 828 -829
-267 855 -828 829
-267 -855 828 829
-267 -855 -828 -829
-268 880 876
-268 -880 -876
-268 876 881 -877
-268 876 -881 877
-876 -268 881 877
-876 -268 -881 -877
-268 862 -829
-268 -862 829
-268 863 828 -829
-268 863 -828 829
-268 -863 828 829
-268 -863 -828 -829
-269 882 876
-269 -882 -876
-269 876 883 -877
-269 876 -883 877
-876 -269 883 877
-876 -269 -883 -877
-269 864 -829
-269 -864 829
-269 865 828 -829
-269 865 -828 829
-269 -865 828 829
-269 -865 -828 -829
-495 967 930
-495 -967 -930
-495 930 969 -931
-495 930 -969 931
-930 -495 969 931
-930 -495 -969 -931
-495 794 -831
-495 -794 831
-495 795 830 -831
-495 795 -830 831
-495 -795 830 831
-495 -795 -830 -831
-541 918 930
-541 -918 -930
-541 930 920 -931
-541 930 -920 931
-930 -541 920 931
-930 -541 -920 -931
-541 840 -831
-541 -840 831
-541 841 830 -831
-541 841 -830 831
-541 -841 830 831
-541 -841 -830 -831
-496 970 930
-496 -970 -930
-496 930 971 -931
-496 930 -971 931
-930 -496 971 931
-930 -496 -971 -931
-496 848 -831
-496 -848 831
-496 849 830 -831
-496 849 -830 831
-496 -849 830 831
-496 -849 -830 -831
-531 919 930
-531 -919 -930
-531 930 921 -931
-531 930 -921 931
-930 -531 921 931
-930 -531 -921 -931
-531 772 -831
-531 -772 831
-531 773 830 -831
-531 773 -830 831
-531 -773 830 831
-531 -773 -830 -831
-530 926 930
-530 -926 -930
-530 930 927 -931
-530 930 -927 931
-930 -530 927 931
-930 -530 -927 -931
-530 810 -831
-530 -810 831
-530 811 830 -831
-530 811 -830 831
-530 -811 830 831
-530 -811 -830 -831
-542 928 930
-542 -928 -930
-542 930 929 -931
-542 930 -929 931
-930 -542 929 931
-930 -542 -929 -931
-542 874 -831
-542 -874 831
-542 875 830 -831
-542 875 -830 831
-542 -875 830 831
-542 -875 -830 -831
-618 980 958
-618 -980 -958
-618 958 982 -959
-618 958 -982 959
-958 -618 982 959
-958 -618 -982 -959
-618 868 -833
-618 -868 833
-618 869 832 -833
-618 869 -832 833
-618 -869 832 833
-618 -869 -832 -833
-275 950 958
-275 -950 -958
-275 958 951 -959
-275 958 -951 959
-958 -275 951 959
-958 -275 -951 -959
-275 872 -833
-275 -872 833
-275 873 832 -833
-275 873 -832 833
-275 -873 832 833
-275 -873 -832 -833
-619 948 958
-619 -948 -958
-619 958 949 -959
-619 958 -949 959
-958 -619 949 959
-958 -619 -949 -959
-619 856 -833
-619 -856 833
-619 857 832 -833
-619 857 -832 833
-619 -857 832 833
-619 -857 -832 -833
-273 952 958
-273 -952 -958
-273 958 953 -959
-273 958 -953 959
-958 -273 953 959
-958 -273 -953 -959
-273 784 -833
-273 -784 833
-273 785 832 -833
-273 785 -832 833
-273 -785 832 833
-273 -785 -832 -833
-277 902 938
-277 -902 -938
-277 938 903 -940
-277 938 -903 940
-938 -277 903 940
-938 -277 -903 -940
-277 852 -835
-277 -852 835
-277 853 834 -835
-277 853 -834 835
-277 -853 834 835
-277 -853 -834 -835
-278 980 938
-278 -980 -938
-278 938 982 -940
-278 938 -982 940
-938 -278 982 940
-938 -278 -982 -940
-278 868 -835
-278 -868 835
-278 869 834 -835
-278 869 -834 835
-278 -869 834 835
-278 -869 -834 -835
-394 896 938
-394 -896 -938
-394 938 898 -940
-394 938 -898 940
-938 -394 898 940
-938 -394 -898 -940
-394 842 -835
-394 -842 835
-394 843 834 -835
-394 843 -834 835
-394 -843 834 835
-394 -843 -834 -835
-395 939 938
-395 -939 -938
-395 938 941 -940
-395 938 -941 940
-938 -395 941 940
-938 -395 -941 -940
-395 776 -835
-395 -776 835
-395 777 834 -835
-395 777 -834 835
-395 -777 834 835
-395 -777 -834 -835
-504 964 960
-504 -964 -960
-504 960 965 -961
-504 960 -965 961
-960 -504 965 961
-960 -504 -965 -961
-504 850 -837
-504 -850 837
-504 851 836 -837
-504 851 -836 837
-504 -851 836 837
-504 -851 -836 -837
-627 910 960
-627 -910 -960
-627 960 911 -961
-627 960 -911 961
-960 -627 911 961
-960 -627 -911 -961
-627 866 -837
-627 -866 837
-627 867 836 -837
-627 867 -836 837
-627 -867 836 837
-627 -867 -836 -837
-505 912 960
-505 -912 -960
-505 960 913 -961
-505 960 -913 961
-960 -505 913 961
-960 -505 -913 -961
-505 812 -837
-505 -812 837
-505 813 836 -837
-505 813 -836 837
-505 -813 836 837
-505 -813 -836 -837
-279 894 960
-279 -894 -960
-279 960 895 -961
-279 960 -895 961
-960 -279 895 961
-960 -279 -895 -961
-279 788 -837
-279 -788 837
-279 789 836 -837
-279 789 -836 837
-279 -789 836 837
-279 -789 -836 -837
-628 916 960
-628 -916 -960
-628 960 917 -961
-628 960 -917 961
-960 -628 917 961
-960 -628 -917 -961
-628 820 -837
-628 -820 837
-628 821 836 -837
-628 821 -836 837
-628 -821 836 837
-628 -821 -836 -837
-282 972 984
-282 -972 -984
-282 984 973 -985
-282 984 -973 985
-984 -282 973 985
-984 -282 -973 -985
-282 826 -839
-282 -826 839
-282 827 838 -839
-282 827 -838 839
-282 -827 838 839
-282 -827 -838 -839
-283 970 984
-283 -970 -984
-283 984 971 -985
-283 984 -971 985
-984 -283 971 985
-984 -283 -971 -985
-283 848 -839
-283 -848 839
-283 849 838 -839
-283 849 -838 839
-283 -849 838 839
-283 -849 -838 -839
-284 928 984
-284 -928 -984
-284 984 929 -985
-284 984 -929 985
-984 -284 929 985
-984 -284 -929 -985
-284 874 -839
-284 -874 839
-284 875 838 -839
-284 875 -838 839
-284 -875 838 839
-284 -875 -838 -839
-551 970 918
-551 -970 -918
-551 918 971 -920
-551 918 -971 920
-918 -551 971 920
-918 -551 -971 -920
-551 848 -841
-551 -848 841
-551 849 840 -841
-551 849 -840 841
-551 -849 840 841
-551 -849 -840 -841
-429 919 918
-429 -919 -918
-429 918 921 -920
-429 918 -921 920
-918 -429 921 920
-918 -429 -921 -920
-429 772 -841
-429 -772 841
-429 773 840 -841
-429 773 -840 841
-429 -773 840 841
-429 -773 -840 -841
-550 878 918
-550 -878 -918
-550 918 879 -920
-550 918 -879 920
-918 -550 879 920
-918 -550 -879 -920
-550 854 -841
-550 -854 841
-550 855 840 -841
-550 855 -840 841
-550 -855 840 841
-550 -855 -840 -841
-430 924 918
-430 -924 -918
-430 918 925 -920
-430 918 -925 920
-918 -430 925 920
-918 -430 -925 -920
-430 808 -841
-430 -808 841
-430 809 840 -841
-430 809 -840 841
-430 -809 840 841
-430 -809 -840 -841
-537 928 918
-537 -928 -918
-537 918 929 -920
-537 918 -929 920
-918 -537 929 920
-918 -537 -929 -920
-537 874 -841
-537 -874 841
-537 875 840 -841
-537 875 -840 841
-537 -875 840 841
-537 -875 -840 -841
-538 930 918
-538 -930 -918
-538 918 931 -920
-538 918 -931 920
-918 -538 931 920
-918 -538 -931 -920
-538 830 -841
-538 -830 841
-538 831 840 -841
-538 831 -840 841
-538 -831 840 841
-538 -831 -840 -841
-396 938 896
-396 -938 -896
-396 896 940 -898
-396 896 -940 898
-896 -396 940 898
-896 -396 -940 -898
-396 834 -843
-396 -834 843
-396 835 842 -843
-396 835 -842 843
-396 -835 842 843
-396 -835 -842 -843
-290 981 896
-290 -981 -896
-290 896 983 -898
-290 896 -983 898
-896 -290 983 898
-896 -290 -983 -898
-290 814 -843
-290 -814 843
-290 815 842 -843
-290 815 -842 843
-290 -815 842 843
-290 -815 -842 -843
-288 897 896
-288 -897 -896
-288 896 899 -898
-288 896 -899 898
-896 -288 899 898
-896 -288 -899 -898
-288 768 -843
-288 -768 843
-288 769 842 -843
-288 769 -842 843
-288 -769 842 843
-288 -769 -842 -843
-397 939 896
-397 -939 -896
-397 896 941 -898
-397 896 -941 898
-896 -397 941 898
-896 -397 -941 -898
-397 776 -843
-397 -776 843
-397 777 842 -843
-397 777 -842 843
-397 -777 842 843
-397 -777 -842 -843
-343 919 922
-343 -919 -922
-343 922 921 -923
-343 922 -921 923
-922 -343 921 923
-922 -343 -921 -923
-343 772 -845
-343 -772 845
-343 773 844 -845
-343 773 -844 845
-343 -773 844 845
-343 -773 -844 -845
-584 924 922
-584 -924 -922
-584 922 925 -923
-584 922 -925 923
-922 -584 925 923
-922 -584 -925 -923
-584 808 -845
-584 -808 845
-584 809 844 -845
-584 809 -844 845
-584 -809 844 845
-584 -809 -844 -845
-583 926 922
-583 -926 -922
-583 922 927 -923
-583 922 -927 923
-922 -583 927 923
-922 -583 -927 -923
-583 810 -845
-583 -810 845
-583 811 844 -845
-583 811 -844 845
-583 -811 844 845
-583 -811 -844 -845
-420 946 922
-420 -946 -922
-420 922 947 -923
-420 922 -947 923
-922 -420 947 923
-922 -420 -947 -923
-420 780 -845
-420 -780 845
-420 781 844 -845
-420 781 -844 845
-420 -781 844 845
-420 -781 -844 -845
-344 928 922
-344 -928 -922
-344 922 929 -923
-344 922 -929 923
-922 -344 929 923
-922 -344 -929 -923
-344 874 -845
-344 -874 845
-344 875 844 -845
-344 875 -844 845
-344 -875 844 845
-344 -875 -844 -845
-421 952 922
-421 -952 -922
-421 922 953 -923
-421 922 -953 923
-922 -421 953 923
-922 -421 -953 -923
-421 784 -845
-421 -784 845
-421 785 844 -845
-421 785 -844 845
-421 -785 844 845
-421 -785 -844 -845
-596 980 942
-596 -980 -942
-596 942 982 -943
-596 942 -982 943
-942 -596 982 943
-942 -596 -982 -943
-596 868 -847
-596 -868 847
-596 869 846 -847
-596 869 -846 847
-596 -869 846 847
-596 -869 -846 -847
-597 981 942
-597 -981 -942
-597 942 983 -943
-597 942 -983 943
-942 -597 983 943
-942 -597 -983 -943
-597 814 -847
-597 -814 847
-597 815 846 -847
-597 815 -846 847
-597 -815 846 847
-597 -815 -846 -847
-295 952 942
-295 -952 -942
-295 942 953 -943
-295 942 -953 943
-942 -295 953 943
-942 -295 -953 -943
-295 784 -847
-295 -784 847
-295 785 846 -847
-295 785 -846 847
-295 -785 846 847
-295 -785 -846 -847
-294 939 942
-294 -939 -942
-294 942 941 -943
-294 942 -941 943
-942 -294 941 943
-942 -294 -941 -943
-294 776 -847
-294 -776 847
-294 777 846 -847
-294 777 -846 847
-294 -777 846 847
-294 -777 -846 -847
-299 984 970
-299 -984 -970
-299 970 985 -971
-299 970 -985 971
-970 -299 985 971
-970 -299 -985 -971
-299 838 -849
-299 -838 849
-299 839 848 -849
-299 839 -848 849
-299 -839 848 849
-299 -839 -848 -849
-553 918 970
-553 -918 -970
-553 970 920 -971
-553 970 -920 971
-970 -553 920 971
-970 -553 -920 -971
-553 840 -849
-553 -840 849
-553 841 848 -849
-553 841 -848 849
-553 -841 848 849
-553 -841 -848 -849
-497 967 970
-497 -967 -970
-497 970 969 -971
-497 970 -969 971
-970 -497 969 971
-970 -497 -969 -971
-497 794 -849
-497 -794 849
-497 795 848 -849
-497 795 -848 849
-497 -795 848 849
-497 -795 -848 -849
-552 878 970
-552 -878 -970
-552 970 879 -971
-552 970 -879 971
-970 -552 879 971
-970 -552 -879 -971
-552 854 -849
-552 -854 849
-552 855 848 -849
-552 855 -848 849
-552 -855 848 849
-552 -855 -848 -849
-498 930 970
-498 -930 -970
-498 970 931 -971
-498 970 -931 971
-970 -498 931 971
-970 -498 -931 -971
-498 830 -849
-498 -830 849
-498 831 848 -849
-498 831 -848 849
-498 -831 848 849
-498 -831 -848 -849
-301 932 964
-301 -932 -964
-301 964 933 -965
-301 964 -933 965
-964 -301 933 965
-964 -301 -933 -965
-301 792 -851
-301 -792 851
-301 793 850 -851
-301 793 -850 851
-301 -793 850 851
-301 -793 -850 -851
-508 960 964
-508 -960 -964
-508 964 961 -965
-508 964 -961 965
-964 -508 961 965
-964 -508 -961 -965
-508 836 -851
-508 -836 851
-508 837 850 -851
-508 837 -850 851
-508 -837 850 851
-508 -837 -850 -851
-571 910 964
-571 -910 -964
-571 964 911 -965
-571 964 -911 965
-964 -571 911 965
-964 -571 -911 -965
-571 866 -851
-571 -866 851
-571 867 850 -851
-571 867 -850 851
-571 -867 850 851
-571 -867 -850 -851
-509 912 964
-509 -912 -964
-509 964 913 -965
-509 964 -913 965
-964 -509 913 965
-964 -509 -913 -965
-509 812 -851
-509 -812 851
-509 813 850 -851
-509 813 -850 851
-509 -813 850 851
-509 -813 -850 -851
-570 914 964
-570 -914 -964
-570 964 915 -965
-570 964 -915 965
-964 -570 915 965
-964 -570 -915 -965
-570 816 -851
-570 -816 851
-570 817 850 -851
-570 817 -850 851
-570 -817 850 851
-570 -817 -850 -851
-305 938 902
-305 -938 -902
-305 902 940 -903
-305 902 -940 903
-902 -305 940 903
-902 -305 -940 -903
-305 834 -853
-305 -834 853
-305 835 852 -853
-305 835 -852 853
-305 -835 852 853
-305 -835 -852 -853
-460 897 902
-460 -897 -902
-460 902 899 -903
-460 902 -899 903
-902 -460 899 903
-902 -460 -899 -903
-460 768 -853
-460 -768 853
-460 769 852 -853
-460 769 -852 853
-460 -769 852 853
-460 -769 -852 -853
-461 900 902
-461 -900 -902
-461 902 901 -903
-461 902 -901 903
-902 -461 901 903
-902 -461 -901 -903
-461 798 -853
-461 -798 853
-461 799 852 -853
-461 799 -852 853
-461 -799 852 853
-461 -799 -852 -853
-637 936 902
-637 -936 -902
-637 902 937 -903
-637 902 -937 903
-902 -637 937 903
-902 -637 -937 -903
-637 778 -853
-637 -778 853
-637 779 852 -853
-637 779 -852 853
-637 -779 852 853
-637 -779 -852 -853
-636 904 902
-636 -904 -902
-636 902 905 -903
-636 902 -905 903
-902 -636 905 903
-902 -636 -905 -903
-636 818 -853
-636 -818 853
-636 819 852 -853
-636 819 -852 853
-636 -819 852 853
-636 -819 -852 -853
-519 967 878
-519 -967 -878
-519 878 969 -879
-519 878 -969 879
-878 -519 969 879
-878 -519 -969 -879
-519 794 -855
-519 -794 855
-519 795 854 -855
-519 795 -854 855
-519 -795 854 855
-519 -795 -854 -855
-548 918 878
-548 -918 -878
-548 878 920 -879
-548 878 -920 879
-878 -548 920 879
-878 -548 -920 -879
-548 840 -855
-548 -840 855
-548 841 854 -855
-548 841 -854 855
-548 -841 854 855
-548 -841 -854 -855
-549 970 878
-549 -970 -878
-549 878 971 -879
-549 878 -971 879
-878 -549 971 879
-878 -549 -971 -879
-549 848 -855
-549 -848 855
-549 849 854 -855
-549 849 -854 855
-549 -849 854 855
-549 -849 -854 -855
-520 972 878
-520 -972 -878
-520 878 973 -879
-520 878 -973 879
-878 -520 973 879
-878 -520 -973 -879
-520 826 -855
-520 -826 855
-520 827 854 -855
-520 827 -854 855
-520 -827 854 855
-520 -827 -854 -855
-310 926 948
-310 -926 -948
-310 948 927 -949
-310 948 -927 949
-948 -310 927 949
-948 -310 -927 -949
-310 810 -857
-310 -810 857
-310 811 856 -857
-310 811 -856 857
-310 -811 856 857
-310 -811 -856 -857
-309 946 948
-309 -946 -948
-309 948 947 -949
-309 948 -947 949
-948 -309 947 949
-948 -309 -947 -949
-309 780 -857
-309 -780 857
-309 781 856 -857
-309 781 -856 857
-309 -781 856 857
-309 -781 -856 -857
-616 980 948
-616 -980 -948
-616 948 982 -949
-616 948 -982 949
-948 -616 982 949
-948 -616 -982 -949
-616 868 -857
-616 -868 857
-616 869 856 -857
-616 869 -856 857
-616 -869 856 857
-616 -869 -856 -857
-617 958 948
-617 -958 -948
-617 948 959 -949
-617 948 -959 949
-948 -617 959 949
-948 -617 -959 -949
-617 832 -857
-617 -832 857
-617 833 856 -857
-617 833 -856 857
-617 -833 856 857
-617 -833 -856 -857
-442 932 888
-442 -932 -888
-442 888 933 -889
-442 888 -933 889
-888 -442 933 889
-888 -442 -933 -889
-442 792 -859
-442 -792 859
-442 793 858 -859
-442 793 -858 859
-442 -793 858 859
-442 -793 -858 -859
-605 885 888
-605 -885 -888
-605 888 887 -889
-605 888 -887 889
-888 -605 887 889
-888 -605 -887 -889
-605 766 -859
-605 -766 859
-605 767 858 -859
-605 767 -858 859
-605 -767 858 859
-605 -767 -858 -859
-443 890 888
-443 -890 -888
-443 888 891 -889
-443 888 -891 889
-888 -443 891 889
-888 -443 -891 -889
-443 774 -859
-443 -774 859
-443 775 858 -859
-443 775 -858 859
-443 -775 858 859
-443 -775 -858 -859
-314 978 888
-314 -978 -888
-314 888 979 -889
-314 888 -979 889
-888 -314 979 889
-888 -314 -979 -889
-314 860 -859
-314 -860 859
-314 861 858 -859
-314 861 -858 859
-314 -861 858 859
-314 -861 -858 -859
-606 894 888
-606 -894 -888
-606 888 895 -889
-606 888 -895 889
-888 -606 895 889
-888 -606 -895 -889
-606 788 -859
-606 -788 859
-606 789 858 -859
-606 789 -858 859
-606 -789 858 859
-606 -789 -858 -859
-316 962 978
-316 -962 -978
-316 978 963 -979
-316 978 -963 979
-978 -316 963 979
-978 -316 -963 -979
-316 822 -861
-316 -822 861
-316 823 860 -861
-316 823 -860 861
-316 -823 860 861
-316 -823 -860 -861
-315 884 978
-315 -884 -978
-315 978 886 -979
-315 978 -886 979
-978 -315 886 979
-978 -315 -886 -979
-315 804 -861
-315 -804 861
-315 805 860 -861
-315 805 -860 861
-315 -805 860 861
-315 -805 -860 -861
-317 888 978
-317 -888 -978
-317 978 889 -979
-317 978 -889 979
-978 -317 889 979
-978 -317 -889 -979
-317 858 -861
-317 -858 861
-317 859 860 -861
-317 859 -860 861
-317 -859 860 861
-317 -859 -860 -861
-318 908 880
-318 -908 -880
-318 880 909 -881
-318 880 -909 881
-880 -318 909 881
-880 -318 -909 -881
-318 770 -863
-318 -770 863
-318 771 862 -863
-318 771 -862 863
-318 -771 862 863
-318 -771 -862 -863
-319 974 880
-319 -974 -880
-319 880 975 -881
-319 880 -975 881
-880 -319 975 881
-880 -319 -975 -881
-319 824 -863
-319 -824 863
-319 825 862 -863
-319 825 -862 863
-319 -825 862 863
-319 -825 -862 -863
-475 967 882
-475 -967 -882
-475 882 969 -883
-475 882 -969 883
-882 -475 969 883
-882 -475 -969 -883
-475 794 -865
-475 -794 865
-475 795 864 -865
-475 795 -864 865
-475 -795 864 865
-475 -795 -864 -865
-476 966 882
-476 -966 -882
-476 882 968 -883
-476 882 -968 883
-882 -476 968 883
-882 -476 -968 -883
-476 796 -865
-476 -796 865
-476 797 864 -865
-476 797 -864 865
-476 -797 864 865
-476 -797 -864 -865
-322 976 882
-322 -976 -882
-322 882 977 -883
-322 882 -977 883
-882 -322 977 883
-882 -322 -977 -883
-322 800 -865
-322 -800 865
-322 801 864 -865
-322 801 -864 865
-322 -801 864 865
-322 -801 -864 -865
-625 960 910
-625 -960 -910
-625 910 961 -911
-625 910 -961 911
-910 -625 961 911
-910 -625 -961 -911
-625 836 -867
-625 -836 867
-625 837 866 -867
-625 837 -866 867
-625 -837 866 867
-625 -837 -866 -867
-572 964 910
-572 -964 -910
-572 910 965 -911
-572 910 -965 911
-910 -572 965 911
-910 -572 -965 -911
-572 850 -867
-572 -850 867
-572 851 866 -867
-572 851 -866 867
-572 -851 866 867
-572 -851 -866 -867
-482 908 910
-482 -908 -910
-482 910 909 -911
-482 910 -909 911
-910 -482 909 911
-910 -482 -909 -911
-482 770 -867
-482 -770 867
-482 771 866 -867
-482 771 -866 867
-482 -771 866 867
-482 -771 -866 -867
-483 912 910
-483 -912 -910
-483 910 913 -911
-483 910 -913 911
-910 -483 913 911
-910 -483 -913 -911
-483 812 -867
-483 -812 867
-483 813 866 -867
-483 813 -866 867
-483 -813 866 867
-483 -813 -866 -867
-573 914 910
-573 -914 -910
-573 910 915 -911
-573 910 -915 911
-910 -573 915 911
-910 -573 -915 -911
-573 816 -867
-573 -816 867
-573 817 866 -867
-573 817 -866 867
-573 -817 866 867
-573 -817 -866 -867
-626 916 910
-626 -916 -910
-626 910 917 -911
-626 910 -917 911
-910 -626 917 911
-910 -626 -917 -911
-626 820 -867
-626 -820 867
-626 821 866 -867
-626 821 -866 867
-626 -821 866 867
-626 -821 -866 -867
-329 938 980
-329 -938 -980
-329 980 940 -982
-329 980 -940 982
-980 -329 940 982
-980 -329 -940 -982
-329 834 -869
-329 -834 869
-329 835 868 -869
-329 835 -868 869
-329 -835 868 869
-329 -835 -868 -869
-593 942 980
-593 -942 -980
-593 980 943 -982
-593 980 -943 982
-980 -593 943 982
-980 -593 -943 -982
-593 846 -869
-593 -846 869
-593 847 868 -869
-593 847 -868 869
-593 -847 868 869
-593 -847 -868 -869
-614 948 980
-614 -948 -980
-614 980 949 -982
-614 980 -949 982
-980 -614 949 982
-980 -614 -949 -982
-614 856 -869
-614 -856 869
-614 857 868 -869
-614 857 -868 869
-614 -857 868 869
-614 -857 -868 -869
-592 981 980
-592 -981 -980
-592 980 983 -982
-592 980 -983 982
-980 -592 983 982
-980 -592 -983 -982
-592 814 -869
-592 -814 869
-592 815 868 -869
-592 815 -868 869
-592 -815 868 869
-592 -815 -868 -869
-615 958 980
-615 -958 -980
-615 980 959 -982
-615 980 -959 982
-980 -615 959 982
-980 -615 -959 -982
-615 832 -869
-615 -832 869
-615 833 868 -869
-615 833 -868 869
-615 -833 868 869
-615 -833 -868 -869
-330 885 892
-330 -885 -892
-330 892 887 -893
-330 892 -887 893
-892 -330 887 893
-892 -330 -887 -893
-330 766 -871
-330 -766 871
-330 767 870 -871
-330 767 -870 871
-330 -767 870 871
-330 -767 -870 -871
-331 906 892
-331 -906 -892
-331 892 907 -893
-331 892 -907 893
-892 -331 907 893
-892 -331 -907 -893
-331 790 -871
-331 -790 871
-331 791 870 -871
-331 791 -870 871
-331 -791 870 871
-331 -791 -870 -871
-332 934 892
-332 -934 -892
-332 892 935 -893
-332 892 -935 893
-892 -332 935 893
-892 -332 -935 -893
-332 806 -871
-332 -806 871
-332 807 870 -871
-332 807 -870 871
-332 -807 870 871
-332 -807 -870 -871
-374 946 950
-374 -946 -950
-374 950 947 -951
-374 950 -947 951
-950 -374 947 951
-950 -374 -947 -951
-374 780 -873
-374 -780 873
-374 781 872 -873
-374 781 -872 873
-374 -781 872 873
-374 -781 -872 -873
-334 981 950
-334 -981 -950
-334 950 983 -951
-334 950 -983 951
-950 -334 983 951
-950 -334 -983 -951
-334 814 -873
-334 -814 873
-334 815 872 -873
-334 815 -872 873
-334 -815 872 873
-334 -815 -872 -873
-335 958 950
-335 -958 -950
-335 950 959 -951
-335 950 -959 951
-950 -335 959 951
-950 -335 -959 -951
-335 832 -873
-335 -832 873
-335 833 872 -873
-335 833 -872 873
-335 -833 872 873
-335 -833 -872 -873
-375 924 950
-375 -924 -950
-375 950 925 -951
-375 950 -925 951
-950 -375 925 951
-950 -375 -925 -951
-375 808 -873
-375 -808 873
-375 809 872 -873
-375 809 -872 873
-375 -809 872 873
-375 -809 -872 -873
-338 984 928
-338 -984 -928
-338 928 985 -929
-338 928 -985 929
-928 -338 985 929
-928 -338 -985 -929
-338 838 -875
-338 -838 875
-338 839 874 -875
-338 839 -874 875
-338 -839 874 875
-338 -839 -874 -875
-539 918 928
-539 -918 -928
-539 928 920 -929
-539 928 -920 929
-928 -539 920 929
-928 -539 -920 -929
-539 840 -875
-539 -840 875
-539 841 874 -875
-539 841 -874 875
-539 -841 874 875
-539 -841 -874 -875
-342 922 928
-342 -922 -928
-342 928 923 -929
-342 928 -923 929
-928 -342 923 929
-928 -342 -923 -929
-342 844 -875
-342 -844 875
-342 845 874 -875
-342 845 -874 875
-342 -845 874 875
-342 -845 -874 -875
-341 919 928
-341 -919 -928
-341 928 921 -929
-341 928 -921 929
-928 -341 921 929
-928 -341 -921 -929
-341 772 -875
-341 -772 875
-341 773 874 -875
-341 773 -874 875
-341 -773 874 875
-341 -773 -874 -875
-540 930 928
-540 -930 -928
-540 928 931 -929
-540 928 -931 929
-928 -540 931 929
-928 -540 -931 -929
-540 830 -875
-540 -830 875
-540 831 874 -875
-540 831 -874 875
-540 -831 874 875
-540 -831 -874 -875
-86 -223 -152 -148 -253 -231 -163 -325 -203 -238 -193 -262 -194 -202 -321 -158 -187 -174 -266 -284 -337 -183 -285 -132 -227 -210 -230 -311 -242 -329 -277 -303 -155 -98 -96 -169 -330
-222 -153 -146 -252 -233 -162 -324 -205 -239 -192 -261 -196 -200 -322 -160 -185 -173 -264 -282 -338 -184 -286 -133 -226 -209 -229 -310 -241 -328 -278 -305 -157 -99 -95 -167 -331 -88
-90 -292 -122 -134 -103 -335 -273 -145 -296 -219 -235 -289 -107 -126 -198 -151 -248 -255 -129 -137 -118 -208 -216 -92 -121 -260 -215 -317 -312 -141 -181 -300 -171 -281 -243 -249 -104 -112 -320 -267 -307 -189 -297 -165 -271 -176 -113
-291 -124 -135 -101 -333 -275 -144 -295 -220 -234 -290 -109 -125 -197 -150 -247 -256 -130 -138 -116 -206 -217 -94 -119 -259 -214 -315 -314 -142 -179 -301 -172 -280 -244 -251 -106 -110 -318 -268 -308 -190 -298 -166 -270 -178 -115 -89
-88 -332 -217 -206 -116 -139 -167 -97 -247 -150 -197 -127 -295 -143 -122 -134 -102 -227 -211 -291 -91 -338 -282 -265 -202 -323 -268 -318 -111 -163 -326 -244 -280 -170 -233 -252 -146 -153 -224 -314 -315 -214 -258
-330 -218 -208 -118 -137 -168 -96 -246 -151 -198 -126 -294 -145 -123 -135 -101 -225 -209 -293 -90 -336 -284 -266 -201 -322 -269 -320 -112 -161 -324 -245 -281 -171 -232 -253 -148 -152 -223 -313 -317 -215 -260 -87
-93 -130 -257 -303 -155 -100 -289 -108 -278 -327 -219 -236 -335 -274 -241 -310 -228 -176 -114 -133 -286 -182 -270 -166 -298 -190 -306 -173 -185 -159 -193 -262 -195 -249 -105 -239 -204 -301 -179 -140 -119
-128 -255 -304 -157 -99 -288 -109 -276 -329 -221 -234 -334 -275 -240 -311 -230 -177 -115 -131 -285 -183 -272 -165 -297 -189 -307 -175 -187 -158 -191 -261 -196 -250 -106 -237 -203 -302 -181 -141 -120 -92
-88 -332 -216 -93 -129 -139 -167 -97 -248 -257 -303 -155 -100 -290 -236 -335 -274 -241 -310 -228 -176 -114 -133 -286 -182 -270 -166 -298 -190 -306 -173 -185 -160 -323 -268 -318 -111 -163 -325 -204 -301 -180 -146 -153 -224 -312 -140 -121 -258
-330 -218 -94 -128 -138 -168 -96 -246 -256 -304 -157 -99 -288 -235 -334 -275 -240 -311 -230 -177 -115 -131 -285 -183 -272 -165 -297 -189 -307 -175 -187 -158 -321 -269 -320 -112 -161 -324 -205 -302 -181 -147 -152 -223 -313 -142 -120 -259 -87
-91 -338 -282 -265 -200 -196 -261 -192 -237 -106 -251 -244 -280 -170 -233 -254 -315 -213 -206 -117 -150 -197 -125 -108 -278 -327 -220 -295 -143 -122 -134 -102 -227 -211 -291
-336 -284 -266 -201 -194 -262 -193 -238 -105 -249 -243 -281 -171 -232 -253 -316 -215 -207 -118 -149 -198 -126 -107 -276 -329 -221 -296 -145 -123 -135 -101 -225 -209 -293 -90
-88 -332 -216 -93 -129 -139 -167 -97 -248 -257 -303 -155 -100 -289 -108 -278 -327 -219 -236 -335 -274 -241 -310 -228 -176 -114 -133 -286 -182 -270 -164 -185 -160 -323 -268 -318 -111 -163 -325 -204 -301 -180 -146 -153 -224 -312 -140 -121 -258
-330 -218 -94 -128 -138 -168 -96 -246 -256 -304 -157 -99 -288 -109 -276 -329 -221 -234 -334 -275 -240 -311 -230 -177 -115 -131 -285 -183 -272 -165 -186 -158 -321 -269 -320 -112 -161 -324 -205 -302 -181 -147 -152 -223 -313 -142 -120 -259 -87
-91 -338 -283 -298 -190 -306 -174 -265 -200 -196 -261 -192 -237 -106 -251 -244 -280 -170 -233 -254 -315 -213 -206 -117 -150 -197 -127 -295 -143 -122 -134 -102 -227 -211 -291
-336 -284 -299 -189 -307 -175 -264 -201 -194 -262 -193 -238 -105 -249 -243 -281 -171 -232 -253 -316 -215 -207 -118 -149 -198 -126 -294 -145 -123 -135 -101 -225 -209 -293 -90
-87 -259 -120 -141 -181 -302 -203 -238 -191 -158 -187 -175 -307 -188 -286 -184 -336 -89 -114 -132 -225 -101 -136 -311 -240 -275 -334 -235 -289 -107 -126 -198 -149 -116 -139 -169 -330
-258 -121 -140 -179 -301 -204 -239 -192 -159 -185 -173 -306 -190 -287 -183 -337 -91 -113 -131 -226 -102 -134 -309 -241 -274 -335 -236 -290 -109 -125 -197 -150 -117 -137 -168 -331 -88
-93 -130 -256 -246 -95 -99 -157 -305 -278 -327 -220 -295 -143 -124 -293 -210 -228 -178 -270 -166 -299 -282 -265 -202 -323 -268 -319 -262 -195 -249 -104 -111 -163 -326 -244 -280 -170 -233 -252 -146 -153 -224 -314 -315 -213 -208 -216
-128 -255 -248 -97 -98 -155 -303 -277 -329 -221 -296 -145 -123 -292 -211 -229 -177 -271 -165 -297 -283 -266 -201 -322 -269 -320 -263 -196 -250 -106 -110 -161 -324 -245 -281 -171 -232 -253 -148 -152 -223 -313 -317 -215 -207 -217 -94
-87 -259 -120 -141 -181 -302 -203 -238 -191 -158 -186 -166 -299 -284 -336 -89 -114 -132 -225 -101 -136 -311 -240 -275 -334 -235 -289 -107 -126 -198 -149 -116 -139 -169 -330
-258 -121 -140 -179 -301 -204 -239 -192 -159 -185 -164 -297 -283 -338 -91 -113 -131 -226 -102 -134 -309 -241 -274 -335 -236 -290 -109 -125 -197 -150 -117 -137 -168 -331 -88
-93 -130 -256 -246 -95 -99 -157 -305 -278 -327 -220 -295 -143 -124 -293 -210 -228 -178 -272 -183 -287 -190 -306 -174 -265 -202 -323 -268 -319 -262 -195 -249 -104 -111 -163 -326 -244 -280 -170 -233 -252 -146 -153 -224 -314 -315 -213 -208 -216
-128 -255 -248 -97 -98 -155 -303 -277 -329 -221 -296 -145 -123 -292 -211 -229 -177 -271 -182 -286 -188 -307 -175 -264 -201 -322 -269 -320 -263 -196 -250 -106 -110 -161 -324 -245 -281 -171 -232 -253 -148 -152 -223 -313 -317 -215 -207 -217 -94
-87 -259 -120 -141 -180 -148 -253 -232 -172 -302 -203 -238 -193 -263 -320 -267 -306 -174 -266 -283 -298 -188 -286 -184 -336 -89 -114 -132 -225 -101 -136 -311 -240 -275 -334 -235 -289 -107 -126 -198 -149 -116 -139 -169 -330
-258 -121 -140 -179 -147 -252 -233 -170 -300 -204 -239 -192 -261 -319 -268 -308 -175 -264 -282 -299 -189 -287 -183 -337 -91 -113 -131 -226 -102 -134 -309 -241 -274 -335 -236 -290 -109 -125 -197 -150 -117 -137 -168 -331 -88
-93 -130 -256 -246 -95 -99 -157 -305 -278 -327 -220 -295 -143 -124 -293 -210 -228 -178 -270 -164 -185 -160 -322 -200 -195 -249 -104 -111 -163 -326 -244 -279 -153 -224 -314 -315 -213 -208 -216
-128 -255 -248 -97 -98 -155 -303 -277 -329 -221 -296 -145 -123 -292 -211 -229 -177 -271 -165 -186 -158 -321 -202 -194 -250 -106 -110 -161 -324 -245 -281 -154 -223 -313 -317 -215 -207 -217 -94
-87 -259 -120 -141 -181 -302 -203 -237 -106 -250 -196 -261 -191 -158 -187 -175 -307 -188 -286 -184 -336 -89 -114 -132 -225 -101 -136 -311 -242 -327 -220 -294 -126 -198 -149 -116 -139 -169 -330
-258 -121 -140 -179 -301 -204 -239 -105 -249 -195 -262 -193 -159 -185 -173 -306 -190 -287 -183 -337 -91 -113 -131 -226 -102 -134 -309 -241 -328 -221 -296 -127 -197 -150 -117 -137 -168 -331 -88
-93 -130 -256 -246 -95 -99 -157 -305 -276 -109 -290 -236 -335 -273 -143 -124 -293 -210 -228 -178 -270 -166 -299 -282 -265 -202 -323 -268 -318 -111 -163 -326 -244 -280 -170 -233 -252 -146 -153 -224 -314 -315 -213 -208 -216
-128 -255 -248 -97 -98 -155 -303 -277 -108 -289 -235 -334 -275 -144 -123 -292 -211 -229 -177 -271 -165 -297 -283 -266 -201 -322 -269 -320 -112 -161 -324 -245 -281 -171 -232 -253 -148 -152 -223 -313 -317 -215 -207 -217 -94
-87 -259 -120 -141 -181 -302 -203 -237 -106 -250 -196 -261 -191 -158 -186 -166 -299 -284 -336 -89 -114 -132 -225 -101 -136 -311 -242 -327 -220 -294 -126 -198 -149 -116 -139 -169 -330
-258 -121 -140 -179 -301 -204 -239 -105 -249 -195 -262 -193 -159 -185 -164 -297 -283 -338 -91 -113 -131 -226 -102 -134 -309 -241 -328 -221 -296 -127 -197 -150 -117 -137 -168 -331 -88
-93 -130 -256 -246 -95 -99 -157 -305 -276 -109 -290 -236 -335 -273 -143 -124 -293 -210 -228 -178 -272 -183 -287 -190 -306 -174 -265 -202 -323 -268 -318 -111 -163 -326 -244 -280 -170 -233 -252 -146 -153 -224 -314 -315 -213 -208 -216
-128 -255 -248 -97 -98 -155 -303 -277 -108 -289 -235 -334 -275 -144 -123 -292 -211 -229 -177 -271 -182 -286 -188 -307 -175 -264 -201 -322 -269 -320 -112 -161 -324 -245 -281 -171 -232 -253 -148 -152 -223 -313 -317 -215 -207 -217 -94
-87 -259 -120 -141 -180 -148 -253 -232 -172 -302 -203 -238 -191 -158 -187 -175 -307 -188 -286 -184 -336 -89 -114 -132 -225 -101 -136 -311 -242 -327 -220 -294 -126 -198 -149 -116 -139 -169 -330
-258 -121 -140 -179 -147 -252 -233 -170 -300 -204 -239 -192 -159 -185 -173 -306 -190 -287 -183 -337 -91 -113 -131 -226 -102 -134 -309 -241 -328 -221 -296 -127 -197 -150 -117 -137 -168 -331 -88
-93 -130 -256 -246 -95 -99 -157 -305 -276 -109 -290 -236 -335 -273 -143 -124 -293 -210 -228 -178 -270 -166 -299 -282 -265 -202 -323 -268 -319 -262 -195 -249 -104 -111 -163 -326 -244 -279 -153 -224 -314 -315 -213 -208 -216
-128 -255 -248 -97 -98 -155 -303 -277 -108 -289 -235 -334 -275 -144 -123 -292 -211 -229 -177 -271 -165 -297 -283 -266 -201 -322 -269 -320 -263 -196 -250 -106 -110 -161 -324 -245 -281 -154 -223 -313 -317 -215 -207 -217 -94
-87 -259 -120 -141 -180 -148 -253 -232 -172 -302 -203 -238 -191 -158 -186 -166 -299 -284 -336 -89 -114 -132 -225 -101 -136 -311 -242 -327 -220 -294 -126 -198 -149 -116 -139 -169 -330
-258 -121 -140 -179 -147 -252 -233 -170 -300 -204 -239 -192 -159 -185 -164 -297 -283 -338 -91 -113 -131 -226 -102 -134 -309 -241 -328 -221 -296 -127 -197 -150 -117 -137 -168 -331 -88
-93 -130 -256 -246 -95 -99 -157 -305 -276 -109 -290 -236 -335 -273 -143 -124 -293 -210 -228 -178 -272 -183 -287 -190 -306 -174 -265 -202 -323 -268 -319 -262 -195 -249 -104 -111 -163 -326 -244 -279 -153 -224 -314 -315 -213 -208 -216
-128 -255 -248 -97 -98 -155 -303 -277 -108 -289 -235 -334 -275 -144 -123 -292 -211 -229 -177 -271 -182 -286 -188 -307 -175 -264 -201 -322 -269 -320 -263 -196 -250 -106 -110 -161 -324 -245 -281 -154 -223 -313 -317 -215 -207 -217 -94
-87 -259 -120 -141 -180 -148 -253 -232 -172 -302 -203 -237 -106 -250 -194 -202 -323 -267 -306 -174 -266 -283 -298 -188 -286 -184 -336 -89 -114 -132 -225 -101 -136 -311 -240 -275 -334 -235 -289 -107 -126 -198 -149 -116 -139 -169 -330
-258 -121 -140 -179 -147 -252 -233 -170 -300 -204 -239 -105 -249 -195 -200 -322 -269 -308 -175 -264 -282 -299 -189 -287 -183 -337 -91 -113 -131 -226 -102 -134 -309 -241 -274 -335 -236 -290 -109 -125 -197 -150 -117 -137 -168 -331 -88
-93 -130 -256 -246 -95 -99 -157 -305 -278 -327 -220 -295 -143 -124 -293 -210 -228 -178 -270 -164 -185 -159 -193 -263 -318 -111 -163 -326 -244 -279 -153 -224 -314 -315 -213 -208 -216
-128 -255 -248 -97 -98 -155 -303 -277 -329 -221 -296 -145 -123 -292 -211 -229 -177 -271 -165 -186 -158 -191 -261 -319 -112 -161 -324 -245 -281 -154 -223 -313 -317 -215 -207 -217 -94
-87 -259 -120 -141 -180 -148 -253 -232 -172 -302 -203 -238 -191 -158 -187 -175 -307 -189 -297 -165 -271 -177 -229 -209 -225 -101 -136 -311 -242 -327 -220 -294 -126 -198 -149 -116 -139 -169 -330
-258 -121 -140 -179 -147 -252 -233 -170 -300 -204 -239 -192 -159 -185 -173 -306 -190 -298 -166 -270 -178 -228 -210 -227 -102 -134 -309 -241 -328 -221 -296 -127 -197 -150 -117 -137 -168 -331 -88
-89 -114 -133 -286 -184 -338 -282 -265 -202 -323 -268 -319 -262 -195 -249 -104 -111 -163 -326 -244 -279 -153 -224 -314 -315 -213 -208 -216 -93 -130 -256 -246 -95 -99 -157 -305 -276 -109 -290 -236 -335 -273 -143 -124 -291
-113 -131 -285 -183 -337 -284 -266 -201 -322 -269 -320 -263 -196 -250 -106 -110 -161 -324 -245 -281 -154 -223 -313 -317 -215 -207 -217 -94 -128 -255 -248 -97 -98 -155 -303 -277 -108 -289 -235 -334 -275 -144 -123 -292 -90
-87 -259 -120 -141 -180 -148 -253 -232 -172 -302 -203 -237 -106 -250 -196 -261 -191 -158 -186 -165 -271 -177 -229 -209 -225 -101 -136 -311 -242 -327 -220 -294 -126 -198 -149 -116 -139 -169 -330
-258 -121 -140 -179 -147 -252 -233 -170 -300 -204 -239 -105 -249 -195 -262 -193 -159 -185 -164 -270 -178 -228 -210 -227 -102 -134 -309 -241 -328 -221 -296 -127 -197 -150 -117 -137 -168 -331 -88
-89 -114 -133 -286 -184 -338 -283 -298 -190 -306 -174 -265 -202 -323 -268 -318 -111 -163 -326 -244 -279 -153 -224 -314 -315 -213 -208 -216 -93 -130 -256 -246 -95 -99 -157 -305 -276 -109 -290 -236 -335 -273 -143 -124 -291
-113 -131 -285 -183 -337 -284 -299 -189 -307 -175 -264 -201 -322 -269 -320 -112 -161 -324 -245 -281 -154 -223 -313 -317 -215 -207 -217 -94 -128 -255 -248 -97 -98 -155 -303 -277 -108 -289 -235 -334 -275 -144 -123 -292 -90
-87 -259 -120 -141 -181 -302 -203 -237 -106 -250 -196 -261 -191 -158 -187 -175 -307 -189 -297 -165 -271 -177 -229 -209 -225 -101 -136 -311 -242 -327 -220 -294 -126 -198 -149 -116 -139 -169 -330
-258 -121 -140 -179 -301 -204 -239 -105 -249 -195 -262 -193 -159 -185 -173 -306 -190 -298 -166 -270 -178 -228 -210 -227 -102 -134 -309 -241 -328 -221 -296 -127 -197 -150 -117 -137 -168 -331 -88
-89 -114 -133 -286 -184 -338 -282 -265 -202 -323 -268 -318 -111 -163 -326 -244 -280 -170 -233 -252 -146 -153 -224 -314 -315 -213 -208 -216 -93 -130 -256 -246 -95 -99 -157 -305 -276 -109 -290 -236 -335 -273 -143 -124 -291
-113 -131 -285 -183 -337 -284 -266 -201 -322 -269 -320 -112 -161 -324 -245 -281 -171 -232 -253 -148 -152 -223 -313 -317 -215 -207 -217 -94 -128 -255 -248 -97 -98 -155 -303 -277 -108 -289 -235 -334 -275 -144 -123 -292 -90
-87 -259 -120 -141 -180 -148 -253 -232 -172 -302 -203 -238 -191 -158 -186 -165 -271 -177 -229 -209 -225 -101 -136 -311 -240 -275 -334 -235 -289 -107 -126 -198 -149 -116 -139 -169 -330
-258 -121 -140 -179 -147 -252 -233 -170 -300 -204 -239 -192 -159 -185 -164 -270 -178 -228 -210 -227 -102 -134 -309 -241 -274 -335 -236 -290 -109 -125 -197 -150 -117 -137 -168 -331 -88
-89 -114 -133 -286 -184 -338 -283 -298 -190 -306 -174 -265 -202 -323 -268 -319 -262 -195 -249 -104 -111 -163 -326 -244 -279 -153 -224 -314 -315 -213 -208 -216 -93 -130 -256 -246 -95 -99 -157 -305 -278 -327 -220 -295 -143 -124 -291
-113 -131 -285 -183 -337 -284 -299 -189 -307 -175 -264 -201 -322 -269 -320 -263 -196 -250 -106 -110 -161 -324 -245 -281 -154 -223 -313 -317 -215 -207 -217 -94 -128 -255 -248 -97 -98 -155 -303 -277 -329 -221 -296 -145 -123 -292 -90
-87 -259 -120 -141 -181 -302 -203 -238 -191 -158 -187 -175 -307 -189 -297 -165 -271 -177 -229 -209 -225 -101 -136 -311 -240 -275 -334 -235 -289 -107 -126 -198 -149 -116 -139 -169 -330
-258 -121 -140 -179 -301 -204 -239 -192 -159 -185 -173 -306 -190 -298 -166 -270 -178 -228 -210 -227 -102 -134 -309 -241 -274 -335 -236 -290 -109 -125 -197 -150 -117 -137 -168 -331 -88
-89 -114 -133 -286 -184 -338 -282 -265 -202 -323 -268 -319 -262 -195 -249 -104 -111 -163 -326 -244 -280 -170 -233 -252 -146 -153 -224 -314 -315 -213 -208 -216 -93 -130 -256 -246 -95 -99 -157 -305 -278 -327 -220 -295 -143 -124 -291
-113 -131 -285 -183 -337 -284 -266 -201 -322 -269 -320 -263 -196 -250 -106 -110 -161 -324 -245 -281 -171 -232 -253 -148 -152 -223 -313 -317 -215 -207 -217 -94 -128 -255 -248 -97 -98 -155 -303 -277 -329 -221 -296 -145 -123 -292 -90
-87 -259 -120 -141 -181 -302 -203 -237 -106 -250 -196 -261 -191 -158 -186 -165 -271 -177 -229 -209 -225 -101 -136 -311 -240 -275 -334 -235 -289 -107 -126 -198 -149 -116 -139 -169 -330
-258 -121 -140 -179 -301 -204 -239 -105 -249 -195 -262 -193 -159 -185 -164 -270 -178 -228 -210 -227 -102 -134 -309 -241 -274 -335 -236 -290 -109 -125 -197 -150 -117 -137 -168 -331 -88
-89 -114 -133 -286 -184 -338 -283 -298 -190 -306 -174 -265 -202 -323 -268 -318 -111 -163 -326 -244 -280 -170 -233 -252 -146 -153 -224 -314 -315 -213 -208 -216 -93 -130 -256 -246 -95 -99 -157 -305 -278 -327 -220 -295 -143 -124 -291
-113 -131 -285 -183 -337 -284 -299 -189 -307 -175 -264 -201 -322 -269 -320 -112 -161 -324 -245 -281 -171 -232 -253 -148 -152 -223 -313 -317 -215 -207 -217 -94 -128 -255 -248 -97 -98 -155 -303 -277 -329 -221 -296 -145 -123 -292 -90
-87 -259 -120 -141 -180 -148 -253 -232 -172 -302 -203 -238 -191 -158 -187 -175 -307 -189 -297 -165 -271 -177 -230 -311 -240 -275 -334 -235 -289 -107 -126 -198 -149 -116 -139 -169 -330
-258 -121 -140 -179 -147 -252 -233 -170 -300 -204 -239 -192 -159 -185 -173 -306 -190 -298 -166 -270 -178 -228 -310 -241 -274 -335 -236 -290 -109 -125 -197 -150 -117 -137 -168 -331 -88
-89 -114 -133 -286 -184 -338 -282 -265 -202 -323 -268 -319 -262 -195 -249 -104 -111 -163 -326 -244 -279 -153 -224 -314 -315 -213 -208 -216 -93 -130 -256 -246 -95 -99 -157 -305 -278 -327 -220 -295 -143 -122 -134 -102 -227 -211 -291
-113 -131 -285 -183 -337 -284 -266 -201 -322 -269 -320 -263 -196 -250 -106 -110 -161 -324 -245 -281 -154 -223 -313 -317 -215 -207 -217 -94 -128 -255 -248 -97 -98 -155 -303 -277 -329 -221 -296 -145 -123 -135 -101 -225 -209 -293 -90
-87 -259 -120 -141 -181 -302 -203 -237 -106 -250 -196 -261 -191 -158 -187 -175 -307 -189 -297 -165 -271 -177 -230 -311 -240 -275 -334 -235 -289 -107 -126 -198 -149 -116 -139 -169 -330
-258 -121 -140 -179 -301 -204 -239 -105 -249 -195 -262 -193 -159 -185 -173 -306 -190 -298 -166 -270 -178 -228 -310 -241 -274 -335 -236 -290 -109 -125 -197 -150 -117 -137 -168 -331 -88
-89 -114 -133 -286 -184 -338 -282 -265 -202 -323 -268 -318 -111 -163 -326 -244 -280 -170 -233 -252 -146 -153 -224 -314 -315 -213 -208 -216 -93 -130 -256 -246 -95 -99 -157 -305 -278 -327 -220 -295 -143 -122 -134 -102 -227 -211 -291
-113 -131 -285 -183 -337 -284 -266 -201 -322 -269 -320 -112 -161 -324 -245 -281 -171 -232 -253 -148 -152 -223 -313 -317 -215 -207 -217 -94 -128 -255 -248 -97 -98 -155 -303 -277 -329 -221 -296 -145 -123 -135 -101 -225 -209 -293 -90
-87 -259 -120 -141 -180 -148 -253 -232 -172 -302 -203 -237 -106 -250 -196 -261 -191 -158 -186 -165 -271 -177 -230 -311 -240 -275 -334 -235 -289 -107 -126 -198 -149 -116 -139 -169 -330
-258 -121 -140 -179 -147 -252 -233 -170 -300 -204 -239 -105 -249 -195 -262 -193 -159 -185 -164 -270 -178 -228 -310 -241 -274 -335 -236 -290 -109 -125 -197 -150 -117 -137 -168 -331 -88
-89 -114 -133 -286 -184 -338 -283 -298 -190 -306 -174 -265 -202 -323 -268 -318 -111 -163 -326 -244 -279 -153 -224 -314 -315 -213 -208 -216 -93 -130 -256 -246 -95 -99 -157 -305 -278 -327 -220 -295 -143 -122 -134 -102 -227 -211 -291
-113 -131 -285 -183 -337 -284 -299 -189 -307 -175 -264 -201 -322 -269 -320 -112 -161 -324 -245 -281 -154 -223 -313 -317 -215 -207 -217 -94 -128 -255 -248 -97 -98 -155 -303 -277 -329 -221 -296 -145 -123 -135 -101 -225 -209 -293 -90
-87 -259 -120 -141 -180 -148 -253 -232 -172 -302 -203 -238 -191 -158 -186 -166 -299 -284 -337 -182 -271 -177 -229 -209 -225 -103 -334 -235 -289 -107 -126 -198 -149 -116 -139 -169 -330
-258 -121 -140 -179 -147 -252 -233 -170 -300 -204 -239 -192 -159 -185 -164 -297 -283 -338 -184 -272 -178 -228 -210 -227 -102 -333 -236 -290 -109 -125 -197 -150 -117 -137 -168 -331 -88
-89 -114 -133 -287 -190 -306 -174 -265 -202 -323 -268 -319 -262 -195 -249 -104 -111 -163 -326 -244 -279 -153 -224 -314 -315 -213 -208 -216 -93 -130 -256 -246 -95 -99 -157 -305 -278 -327 -220 -295 -144 -274 -241 -309 -135 -124 -291
-113 -131 -285 -188 -307 -175 -264 -201 -322 -269 -320 -263 -196 -250 -106 -110 -161 -324 -245 -281 -154 -223 -313 -317 -215 -207 -217 -94 -128 -255 -248 -97 -98 -155 -303 -277 -329 -221 -296 -145 -273 -240 -311 -136 -122 -292 -90
