p edge 123 829
1 79
1 3
1 2
1 93
1 103
1 78
1 99
2 42
2 103
2 28
2 36
2 121
2 3
2 16
3 4
3 78
3 96
3 89
3 113
3 54
3 21
4 65
4 2
4 46
4 5
4 109
4 84
4 35
5 27
5 6
5 88
5 56
5 38
5 74
5 53
6 117
6 26
6 111
6 7
6 34
6 46
7 44
7 68
7 58
7 8
7 120
7 31
8 102
8 13
8 91
8 104
8 9
8 31
9 10
9 53
9 118
9 1
9 59
10 123
10 72
10 98
10 13
10 8
10 11
11 109
11 111
11 50
11 100
11 4
11 79
11 12
12 13
12 19
12 55
12 22
12 71
12 80
12 87
13 8
13 120
13 63
13 75
13 110
13 14
13 64
14 84
14 71
14 15
14 50
14 5
14 16
14 45
15 120
15 83
15 82
15 87
15 115
15 16
15 34
16 53
16 36
16 17
16 51
16 41
16 44
16 20
17 18
17 100
17 62
17 107
17 45
17 28
18 99
18 112
18 13
18 19
18 22
18 52
18 94
19 92
19 58
19 20
19 24
19 119
19 67
19 87
20 54
20 9
20 123
20 88
20 37
20 21
20 111
21 22
21 67
21 6
21 66
21 32
21 62
22 53
22 102
22 123
22 116
22 67
22 23
22 10
23 47
23 72
23 115
23 42
23 30
23 24
24 25
24 55
24 16
24 97
24 77
24 35
24 46
25 103
25 17
25 41
25 26
25 5
25 10
25 117
26 27
26 81
26 35
26 72
26 30
26 91
27 28
27 2
27 116
27 41
27 15
27 56
27 51
28 114
28 29
28 32
28 87
28 13
28 107
28 58
29 38
29 97
29 30
29 11
29 58
29 15
29 51
30 120
30 105
30 10
30 31
30 92
30 82
30 99
31 32
31 22
31 33
31 28
31 46
31 16
32 19
32 64
32 113
32 73
32 69
32 2
32 33
33 83
33 51
33 34
33 115
33 17
33 90
33 79
34 25
34 77
34 22
34 35
34 76
34 106
34 42
35 36
35 88
35 120
35 67
35 115
35 111
35 56
36 15
36 37
36 25
36 40
36 84
36 105
36 113
37 113
37 38
37 5
37 62
37 14
37 110
37 27
38 85
38 65
38 97
38 39
38 55
38 30
38 52
39 123
39 85
39 40
39 113
39 71
39 112
39 18
40 61
40 41
40 101
40 93
40 117
40 58
41 63
41 101
41 26
41 42
41 73
41 110
41 87
42 59
42 94
42 43
42 30
42 83
42 68
42 119
43 8
43 102
43 90
43 44
43 123
43 65
43 53
44 45
44 79
44 5
44 60
44 10
44 73
44 7
45 59
45 52
45 17
45 122
45 104
45 46
45 106
46 39
46 78
46 47
46 117
46 76
46 106
46 109
47 48
47 27
47 39
47 37
47 82
47 70
47 108
48 36
48 64
48 55
48 49
48 67
48 21
48 112
49 111
49 50
49 60
49 108
49 61
49 67
49 96
50 3
50 18
50 5
50 30
50 51
50 93
50 52
51 56
51 70
51 75
51 83
51 18
51 6
51 52
52 26
52 70
52 16
52 28
52 53
52 84
53 99
53 94
53 46
53 74
53 73
53 70
53 54
54 119
54 50
54 84
54 69
54 55
54 46
55 38
55 105
55 107
55 56
55 116
55 111
55 75
56 2
56 100
56 57
56 104
56 14
56 11
56 102
57 88
57 18
57 40
57 58
57 9
57 84
57 63
58 74
58 59
58 60
58 9
58 97
58 91
58 63
59 60
59 46
59 14
59 36
59 67
59 26
59 57
60 61
60 15
60 77
60 24
60 73
60 19
61 83
61 62
61 33
61 119
61 78
61 91
62 98
62 78
62 23
62 93
62 63
62 57
62 45
63 44
63 104
63 72
63 65
63 9
63 71
63 64
64 108
64 65
64 109
64 27
64 123
64 76
64 87
65 62
65 66
65 99
65 9
65 4
65 40
65 17
66 106
66 67
66 25
66 101
66 114
66 92
67 117
67 68
67 106
67 24
67 34
67 88
67 61
68 69
68 109
68 90
68 101
68 103
68 26
68 3
69 76
69 39
69 70
69 79
69 123
69 74
69 58
70 100
70 38
70 18
70 71
70 57
70 103
71 70
71 80
71 72
71 19
71 87
71 77
71 3
72 73
72 23
72 55
72 8
72 38
72 37
72 101
73 74
73 66
73 55
73 92
73 14
73 38
74 28
74 3
74 80
74 21
74 75
74 117
74 84
75 43
75 99
75 79
75 76
75 48
75 117
75 95
76 81
76 104
76 77
76 48
76 64
76 49
76 94
77 110
77 10
77 109
77 5
77 15
77 78
78 117
78 74
78 90
78 79
78 93
78 69
78 35
79 75
79 97
79 41
79 43
79 80
79 45
80 4
80 28
80 42
80 81
80 62
80 8
80 61
81 82
81 114
81 54
81 18
81 72
81 25
81 28
82 93
82 116
82 118
82 117
82 83
82 120
82 90
83 84
83 86
83 45
83 50
83 44
83 15
83 113
84 98
84 78
84 114
84 1
84 28
84 11
84 85
85 27
85 71
85 95
85 78
85 8
85 86
85 115
86 119
86 98
86 25
86 87
86 48
86 21
87 90
87 103
87 93
87 70
87 20
87 88
87 66
88 96
88 103
88 10
88 69
88 89
88 47
89 117
89 107
89 90
89 99
89 70
90 57
90 42
90 111
90 86
90 115
90 91
91 92
91 70
91 61
91 15
91 13
91 113
91 73
92 93
92 2
92 94
92 106
92 78
92 122
92 40
93 55
93 41
93 53
93 111
93 52
93 94
93 107
94 9
94 65
94 51
94 95
94 39
94 4
95 49
95 81
95 72
95 96
95 80
95 61
95 94
96 6
96 54
96 97
96 36
96 112
96 33
96 39
97 11
97 17
97 57
97 98
97 23
97 91
97 52
98 114
98 99
98 120
98 65
98 81
98 37
98 110
99 76
99 51
99 93
99 100
99 4
99 8
99 43
100 21
100 118
100 66
100 119
100 48
100 70
100 101
101 102
101 115
101 42
101 114
101 7
101 13
101 23
102 48
102 70
102 7
102 29
102 103
102 40
102 80
103 93
103 67
103 70
103 56
103 106
103 104
103 51
104 102
104 114
104 11
104 105
104 99
104 106
104 63
105 104
105 113
105 112
105 106
105 56
105 121
105 93
106 22
106 107
106 75
106 123
106 52
106 35
106 48
107 108
107 78
107 67
107 110
107 20
107 88
107 59
108 38
108 15
108 24
108 109
108 21
108 85
108 50
109 110
109 72
109 69
109 41
109 74
109 84
109 80
110 11
110 111
110 73
110 46
110 119
110 88
111 20
111 6
111 27
111 10
111 121
111 112
111 56
112 50
112 63
112 2
112 73
112 82
112 113
112 114
113 112
113 46
113 38
113 14
113 33
113 108
113 114
114 92
114 90
114 61
114 67
114 115
114 107
115 85
115 116
115 57
115 100
115 34
115 30
116 91
116 84
116 108
116 50
116 117
116 69
116 92
117 25
117 95
117 118
117 81
117 101
117 14
117 36
118 73
118 8
118 31
118 107
118 106
118 84
118 119
119 75
119 68
119 3
119 120
119 94
119 15
119 12
120 73
120 105
120 121
120 122
120 48
120 52
121 23
121 122
121 96
121 69
121 5
121 29
122 41
122 85
122 23
122 123
122 27
122 22
122 105
123 9
123 64
123 71
123 2
123 54
123 68
123 1
