p edge 133 906
1 2
1 66
1 102
1 111
1 75
1 116
2 133
2 119
2 51
2 3
2 71
2 115
3 101
3 125
3 109
3 4
3 132
3 24
4 102
4 67
4 123
4 8
4 5
4 126
4 81
5 6
5 66
5 62
5 53
5 101
5 52
5 127
6 7
6 44
6 42
6 77
6 81
6 59
6 108
7 6
7 92
7 39
7 54
7 106
7 64
7 8
8 124
8 50
8 91
8 122
8 9
8 36
8 25
9 92
9 49
9 127
9 98
9 118
9 2
9 10
10 55
10 121
10 89
10 74
10 11
10 97
10 14
11 119
11 45
11 24
11 22
11 12
11 118
11 131
12 90
12 32
12 118
12 128
12 91
12 13
12 104
13 14
13 77
13 55
13 2
13 47
13 58
13 106
14 93
14 103
14 46
14 15
14 132
14 62
14 61
15 8
15 102
15 115
15 16
15 112
15 46
16 87
16 96
16 37
16 17
16 20
16 48
16 65
17 108
17 18
17 127
17 75
17 61
17 26
17 15
18 127
18 60
18 12
18 36
18 3
18 19
19 95
19 20
19 2
19 117
19 45
19 81
19 107
20 90
20 51
20 97
20 43
20 92
20 21
20 63
21 22
21 114
21 62
21 51
21 67
21 41
21 68
22 63
22 96
22 23
22 106
22 3
22 60
22 83
23 99
23 24
23 100
23 12
23 20
23 37
23 90
24 86
24 61
24 132
24 130
24 25
24 50
24 114
25 71
25 42
25 98
25 102
25 26
25 85
25 95
26 17
26 93
26 27
26 77
26 114
26 113
26 22
27 25
27 130
27 1
27 21
27 28
27 47
28 43
28 22
28 23
28 12
28 48
28 29
28 118
29 75
29 53
29 30
29 132
29 45
29 95
29 1
30 49
30 119
30 54
30 4
30 31
30 43
30 21
31 55
31 78
31 113
31 114
31 32
31 33
32 118
32 79
32 87
32 23
32 104
32 20
32 33
33 47
33 25
33 82
33 20
33 34
33 68
33 111
34 40
34 14
34 35
34 41
34 6
34 30
34 126
35 43
35 36
35 29
35 102
35 59
35 123
35 100
36 63
36 1
36 99
36 37
36 48
36 24
36 89
37 38
37 119
37 103
37 115
37 5
37 11
37 2
38 93
38 39
38 32
38 37
38 114
38 118
38 125
39 68
39 69
39 40
39 127
39 93
39 119
39 72
40 39
40 128
40 98
40 41
40 124
40 68
40 130
41 79
41 42
41 113
41 115
41 31
41 122
41 39
42 43
42 63
42 72
42 100
42 77
42 128
42 103
43 44
43 15
43 40
43 133
43 81
43 56
44 97
44 85
44 17
44 45
44 79
44 23
44 92
45 75
45 12
45 21
45 53
45 106
45 10
45 46
46 102
46 96
46 29
46 18
46 89
46 100
46 47
47 12
47 62
47 114
47 85
47 75
47 48
47 30
48 49
48 28
48 108
48 14
48 19
48 1
48 112
49 3
49 94
49 54
49 114
49 131
49 113
49 50
50 80
50 97
50 107
50 106
50 52
50 9
50 51
51 19
51 52
51 76
51 109
51 35
51 97
51 78
52 5
52 124
52 119
52 37
52 84
52 53
52 102
53 70
53 128
53 54
53 71
53 20
53 61
53 133
54 128
54 4
54 55
54 112
54 5
54 16
54 88
55 101
55 96
55 45
55 56
55 20
55 108
55 62
56 131
56 38
56 57
56 96
56 37
56 54
57 51
57 33
57 41
57 7
57 58
57 127
57 72
58 84
58 63
58 61
58 59
58 104
58 40
58 107
59 84
59 79
59 62
59 14
59 28
59 60
59 77
60 112
60 61
60 40
60 70
60 12
60 62
60 79
61 50
61 109
61 3
61 62
61 102
61 117
61 2
62 133
62 120
62 63
62 82
62 114
62 129
62 18
63 64
63 72
63 45
63 94
63 43
63 126
63 8
64 85
64 129
64 128
64 102
64 112
64 65
65 15
65 66
65 85
65 131
65 54
65 104
65 23
66 28
66 6
66 109
66 67
66 32
66 72
67 95
67 68
67 4
67 43
67 33
67 54
67 85
68 69
68 115
68 52
68 28
68 71
68 53
68 102
69 70
69 102
69 84
69 36
69 74
69 29
70 63
70 97
70 105
70 95
70 71
70 60
71 72
71 103
71 133
71 95
71 33
71 3
71 122
72 78
72 6
72 44
72 52
72 35
72 101
72 73
73 2
73 9
73 74
73 17
73 95
73 37
74 81
74 7
74 75
74 115
74 76
74 125
75 57
75 14
75 104
75 117
75 76
75 113
75 82
76 106
76 65
76 98
76 7
76 77
76 40
76 102
77 121
77 89
77 38
77 78
77 5
77 47
78 61
78 7
78 102
78 54
78 20
78 72
78 79
79 7
79 92
79 90
79 130
79 43
79 111
79 80
80 60
80 34
80 65
80 15
80 81
80 101
80 63
81 11
81 6
81 90
81 3
81 110
81 16
81 82
82 90
82 86
82 38
82 125
82 78
82 83
82 121
83 105
83 1
83 45
83 6
83 52
83 84
83 65
84 58
84 94
84 49
84 85
84 101
84 73
84 2
85 52
85 21
85 86
85 26
85 14
85 9
85 41
86 90
86 124
86 133
86 93
86 70
86 112
86 87
87 64
87 77
87 100
87 88
87 82
87 98
88 77
88 18
88 8
88 50
88 89
88 5
88 71
89 132
89 103
89 124
89 86
89 90
89 62
89 95
90 130
90 111
90 91
90 87
90 118
90 84
90 24
91 127
91 8
91 37
91 92
91 75
91 132
91 19
92 45
92 70
92 114
92 38
92 93
92 108
93 21
93 94
93 34
93 88
93 13
93 55
93 8
94 84
94 17
94 95
94 9
94 96
94 7
94 5
95 54
95 104
95 90
95 96
95 38
95 109
95 116
96 131
96 97
96 99
96 31
96 85
96 55
96 95
97 11
97 35
97 98
97 103
97 78
97 76
97 114
98 66
98 12
98 51
98 99
98 62
98 72
98 111
99 57
99 100
99 67
99 34
99 108
99 128
99 59
100 59
100 101
100 18
100 80
100 120
100 50
100 91
101 76
101 38
101 100
101 71
101 121
101 102
101 56
102 100
102 125
102 16
102 105
102 103
102 80
102 50
103 104
103 71
103 45
103 82
103 90
103 20
104 126
104 119
104 89
104 77
104 105
104 94
104 11
105 68
105 66
105 8
105 106
105 28
105 92
105 58
106 107
106 10
106 93
106 88
106 8
106 79
106 112
107 61
107 108
107 49
107 1
107 130
107 123
107 133
108 45
108 28
108 11
108 50
108 109
108 66
108 42
109 24
109 120
109 25
109 73
109 32
109 110
109 19
110 43
110 5
110 111
110 100
110 31
110 49
110 86
111 7
111 54
111 65
111 17
111 112
111 71
112 65
112 107
112 97
112 127
112 113
112 130
112 116
113 115
113 91
113 34
113 46
113 5
113 114
113 43
114 101
114 126
114 81
114 80
114 115
114 71
114 91
115 64
115 55
115 117
115 28
115 116
115 112
115 41
116 38
116 41
116 17
116 117
116 23
116 73
117 123
117 61
117 132
117 93
117 81
117 118
117 72
118 63
118 119
118 129
118 126
118 46
118 105
118 103
119 72
119 113
119 132
119 57
119 120
120 98
120 77
120 86
120 108
120 74
120 106
120 121
121 76
121 39
121 43
121 69
121 123
121 122
121 105
122 130
122 4
122 123
122 24
122 84
122 86
122 115
123 62
123 130
123 35
123 121
123 124
123 37
123 131
124 43
124 105
124 58
124 100
124 20
124 77
124 125
125 105
125 59
125 101
125 126
125 109
125 124
125 49
126 98
126 127
126 25
126 59
126 32
126 40
127 66
127 73
127 128
127 85
127 51
127 50
127 80
128 37
128 129
128 112
128 124
128 82
128 93
128 91
129 130
129 72
129 97
129 66
129 55
129 68
129 11
130 40
130 131
130 37
130 129
130 29
130 88
130 75
131 79
131 127
131 111
131 60
131 132
131 80
131 130
132 133
132 99
132 92
132 106
132 83
132 44
132 13
133 65
133 119
133 1
133 48
133 62
133 68
