p edge 151 1033
1 12
1 55
1 78
1 76
1 18
1 51
1 2
2 13
2 97
2 138
2 83
2 3
2 90
2 30
3 135
3 56
3 4
3 137
3 123
3 24
3 102
4 138
4 146
4 106
4 126
4 13
4 5
5 45
5 90
5 74
5 65
5 114
5 78
5 6
6 45
6 47
6 48
6 89
6 115
6 101
6 7
7 78
7 88
7 8
7 4
7 59
7 74
7 89
8 33
8 9
8 61
8 114
8 108
8 148
8 1
9 38
9 10
9 105
9 130
9 7
9 104
9 37
10 56
10 147
10 1
10 11
10 76
10 7
10 97
11 129
11 12
11 47
11 107
11 99
11 102
11 64
12 13
12 34
12 22
12 9
12 143
12 50
13 111
13 52
13 85
13 27
13 14
13 105
13 119
14 107
14 133
14 15
14 135
14 121
14 130
14 40
15 47
15 18
15 74
15 109
15 16
15 81
15 46
16 70
16 123
16 85
16 45
16 17
16 90
16 59
17 37
17 18
17 80
17 91
17 40
17 69
17 96
18 54
18 75
18 45
18 120
18 21
18 11
18 19
19 32
19 71
19 50
19 20
19 76
19 47
19 107
20 21
20 68
20 135
20 33
20 150
20 78
20 148
21 68
21 89
21 27
21 36
21 22
21 59
21 104
22 53
22 2
22 145
22 23
22 8
22 68
22 51
23 106
23 92
23 79
23 24
23 86
23 17
23 140
24 148
24 145
24 25
24 33
24 96
24 137
24 151
25 67
25 13
25 72
25 3
25 83
25 26
26 27
26 12
26 14
26 129
26 83
26 109
26 17
27 54
27 141
27 4
27 85
27 13
27 28
27 43
28 141
28 75
28 25
28 70
28 83
28 29
28 8
29 45
29 1
29 131
29 30
29 151
29 106
29 58
30 136
30 57
30 100
30 9
30 44
30 31
30 95
31 46
31 5
31 8
31 32
31 66
31 114
31 135
32 117
32 138
32 111
32 45
32 48
32 33
33 133
33 73
33 77
33 139
33 58
33 32
33 34
34 92
34 85
34 35
34 75
34 97
34 5
34 103
35 1
35 95
35 36
35 105
35 151
35 107
35 7
36 117
36 127
36 35
36 51
36 37
36 108
36 17
37 86
37 100
37 13
37 38
37 96
37 67
37 60
38 70
38 77
38 39
38 81
38 23
38 112
39 108
39 40
39 96
39 102
39 147
39 131
39 82
40 41
40 39
40 22
40 87
40 108
40 35
40 64
41 70
41 42
41 59
41 148
41 135
41 56
41 27
42 10
42 107
42 73
42 64
42 100
42 43
42 1
43 35
43 60
43 44
43 130
43 128
44 118
44 45
44 70
44 82
44 131
44 38
44 56
45 141
45 6
45 46
45 92
45 113
45 126
45 139
46 40
46 56
46 17
46 47
46 102
46 19
46 126
47 11
47 93
47 8
47 48
47 16
47 13
47 128
48 18
48 49
48 5
48 11
48 4
48 106
48 46
49 50
49 117
49 148
49 25
49 56
49 73
49 109
50 31
50 39
50 51
50 3
50 88
50 87
50 120
51 47
51 4
51 50
51 52
51 144
51 129
51 22
52 83
52 149
52 4
52 53
52 97
52 89
52 54
53 78
53 54
53 100
53 67
53 15
53 36
54 45
54 20
54 120
54 1
54 35
54 50
54 55
55 74
55 92
55 82
55 34
55 56
55 66
55 12
56 15
56 106
56 57
56 125
56 113
56 77
56 104
57 58
57 85
57 137
57 111
57 133
57 18
57 80
58 25
58 110
58 59
58 144
58 130
58 133
58 68
59 98
59 60
59 143
59 29
59 38
59 136
59 65
60 63
60 36
60 35
60 23
60 61
60 122
61 127
61 62
61 6
61 148
61 118
61 124
61 107
62 11
62 51
62 78
62 35
62 63
62 130
62 114
63 123
63 122
63 112
63 134
63 64
63 145
64 132
64 133
64 109
64 65
64 95
64 72
65 78
65 35
65 76
65 66
65 130
65 124
66 7
66 118
66 107
66 54
66 67
66 50
66 4
67 92
67 18
67 36
67 68
67 62
67 54
67 106
68 78
68 14
68 95
68 75
68 12
68 97
68 69
69 79
69 118
69 21
69 70
69 60
69 30
69 150
70 71
70 36
70 13
70 87
70 88
71 72
71 125
71 73
71 112
71 142
71 49
71 40
72 59
72 130
72 104
72 33
72 117
72 93
72 73
73 29
73 90
73 108
73 126
73 122
73 82
73 74
74 60
74 75
74 148
74 25
74 130
74 52
74 26
75 61
75 145
75 78
75 121
75 120
75 113
75 76
76 77
76 56
76 45
76 13
76 38
76 105
76 102
77 78
77 43
77 99
77 142
77 19
77 59
77 2
78 16
78 115
78 91
78 142
78 100
78 124
78 79
79 36
79 51
79 128
79 80
79 96
79 22
79 145
80 36
80 86
80 81
80 77
80 94
80 33
80 50
81 37
81 28
81 32
81 10
81 82
81 100
81 96
82 66
82 83
82 91
82 17
82 31
82 139
82 143
83 124
83 84
83 69
83 141
83 7
83 122
83 142
84 98
84 113
84 85
84 120
84 108
84 37
85 33
85 97
85 99
85 86
85 70
85 135
85 114
86 61
86 1
86 87
86 5
86 147
86 143
86 28
87 19
87 35
87 88
87 52
87 93
87 119
87 148
88 1
88 63
88 131
88 106
88 4
88 89
88 14
89 90
89 19
89 4
89 37
89 106
89 143
89 144
90 62
90 3
90 91
90 64
90 92
90 5
91 105
91 116
91 133
91 52
91 70
91 62
91 92
92 93
92 22
92 71
92 79
92 149
92 20
92 141
93 85
93 133
93 42
93 94
93 149
93 107
94 111
94 116
94 95
94 120
94 49
94 65
94 60
95 118
95 96
95 76
95 136
95 121
95 68
95 93
96 58
96 97
96 12
96 20
96 111
96 130
96 80
97 98
97 148
97 41
97 74
97 42
97 143
97 75
98 122
98 44
98 25
98 126
98 99
98 78
98 144
99 91
99 82
99 100
99 71
99 126
99 70
99 25
100 8
100 10
100 101
100 87
100 92
100 3
100 21
101 90
101 146
101 5
101 141
101 102
101 111
101 12
102 36
102 23
102 118
102 66
102 119
102 103
102 97
103 98
103 41
103 70
103 68
103 104
103 44
103 10
104 105
104 109
104 130
104 98
104 122
104 39
104 148
105 140
105 53
105 106
105 77
105 55
105 84
105 9
106 146
106 110
106 23
106 34
106 60
106 107
106 151
107 27
107 108
107 123
107 53
107 6
107 137
107 34
108 49
108 103
108 21
108 107
108 129
108 109
108 2
109 136
109 53
109 45
109 17
109 110
109 86
109 82
110 147
110 114
110 13
110 111
110 121
110 120
110 82
111 146
111 35
111 56
111 42
111 147
111 112
111 116
112 85
112 134
112 66
112 79
112 44
112 113
112 16
113 22
113 101
113 63
113 114
113 61
113 68
113 98
114 16
114 115
114 79
114 122
114 149
114 100
114 20
115 116
115 72
115 8
115 63
115 127
115 21
115 60
116 99
116 25
116 134
116 117
116 87
116 106
116 90
117 73
117 53
117 82
117 122
117 134
117 118
118 119
118 94
118 89
118 76
118 92
118 115
118 100
119 100
119 88
119 127
119 120
119 150
119 69
119 84
120 121
120 71
120 147
120 32
120 92
120 12
120 82
121 9
121 85
121 52
121 56
121 42
121 122
121 78
122 27
122 63
122 123
122 4
122 43
122 105
122 94
123 124
123 142
123 77
123 41
123 8
123 88
123 11
124 117
124 148
124 99
124 121
124 125
124 11
124 83
125 21
125 26
125 13
125 120
125 126
125 52
125 30
126 3
126 30
126 122
126 85
126 96
126 118
126 127
127 106
127 118
127 128
127 36
127 98
127 73
127 96
128 67
128 118
128 25
128 17
128 1
128 56
128 129
129 135
129 42
129 97
129 130
129 133
129 122
129 146
130 93
130 89
130 4
130 147
130 131
130 52
130 113
131 28
131 147
131 132
131 8
131 35
131 10
131 100
132 82
132 133
132 68
132 20
132 137
132 102
132 25
133 64
133 134
133 105
133 39
133 128
133 122
134 40
134 28
134 20
134 24
134 135
134 70
134 26
135 141
135 147
135 140
135 117
135 136
135 134
135 149
136 137
136 37
136 80
136 19
136 72
136 13
136 61
137 42
137 138
137 130
137 31
137 98
137 145
137 3
138 29
138 52
138 139
138 130
138 87
138 67
139 141
139 91
139 62
139 67
139 140
139 19
139 2
140 122
140 12
140 81
140 141
140 92
141 103
141 128
141 26
141 23
141 142
141 150
141 110
142 143
142 20
142 15
142 150
142 129
142 58
142 68
143 2
143 93
143 108
143 62
143 131
143 112
143 144
144 136
144 145
144 92
144 13
144 107
144 5
144 7
145 4
145 40
145 146
145 150
145 29
145 66
146 132
146 147
146 52
146 112
146 5
146 107
147 11
147 89
147 38
147 148
147 15
147 13
147 37
148 97
148 116
148 105
148 50
148 149
148 109
148 18
149 101
149 35
149 22
149 3
149 150
149 19
149 9
150 88
150 70
150 48
150 115
150 151
150 120
150 4
151 130
151 1
151 39
151 54
151 15
151 18
151 108
