p edge 163 1115
1 125
1 46
1 48
1 111
1 16
1 2
2 143
2 109
2 58
2 3
2 10
2 136
2 28
3 64
3 156
3 60
3 108
3 26
3 4
3 11
4 71
4 128
4 5
4 84
4 66
4 73
4 46
5 81
5 6
5 3
5 66
5 45
5 130
5 13
6 134
6 129
6 36
6 32
6 45
6 146
6 7
7 66
7 111
7 8
7 82
7 24
7 68
7 33
8 97
8 9
8 92
8 82
8 40
8 161
8 128
9 54
9 78
9 69
9 147
9 10
9 21
9 45
10 96
10 18
10 150
10 39
10 92
10 11
10 49
11 103
11 98
11 12
11 51
11 149
11 78
11 126
12 151
12 124
12 127
12 13
12 103
12 6
12 78
13 17
13 48
13 12
13 14
13 51
13 134
13 47
14 51
14 94
14 113
14 49
14 98
14 15
14 121
15 16
15 3
15 24
15 105
15 21
15 83
15 47
16 2
16 5
16 9
16 14
16 92
16 30
16 17
17 18
17 162
17 129
17 68
17 106
17 34
17 126
18 26
18 160
18 19
18 6
18 142
18 29
18 74
19 74
19 23
19 9
19 157
19 20
19 118
19 155
20 21
20 82
20 60
20 75
20 14
20 136
20 26
21 93
21 72
21 139
21 22
21 62
21 153
21 91
22 23
22 37
22 99
22 131
22 157
22 148
22 25
23 24
23 98
23 36
23 66
23 11
23 62
24 25
24 41
24 55
24 17
24 112
24 43
25 66
25 11
25 83
25 26
25 46
25 119
25 118
26 38
26 27
26 122
26 19
26 118
26 117
26 25
27 42
27 34
27 28
27 109
27 134
27 22
27 46
28 92
28 117
28 131
28 29
28 56
28 87
28 20
29 38
29 30
29 14
29 107
29 140
29 157
29 101
30 31
30 66
30 67
30 102
30 69
30 157
31 149
31 57
31 136
31 99
31 158
31 62
31 32
32 33
32 163
32 50
32 64
32 54
32 143
32 141
33 68
33 35
33 106
33 34
33 153
33 108
33 91
34 129
34 110
34 101
34 140
34 43
34 35
34 122
35 45
35 143
35 80
35 6
35 14
35 125
35 36
36 112
36 37
36 65
36 58
36 43
36 147
36 154
37 149
37 115
37 139
37 125
37 38
37 94
37 127
38 39
38 62
38 124
38 50
38 142
38 130
39 56
39 87
39 20
39 40
39 83
39 35
39 53
40 148
40 163
40 111
40 92
40 41
40 160
40 58
41 42
41 80
41 87
41 146
41 32
41 2
41 19
42 24
42 51
42 49
42 43
42 120
42 135
43 72
43 41
43 70
43 113
43 107
43 39
43 44
44 157
44 62
44 39
44 45
44 120
44 51
44 123
45 128
45 59
45 65
45 46
45 36
45 8
45 154
46 9
46 47
46 77
46 129
46 104
46 156
47 7
47 146
47 37
47 48
47 96
47 62
47 103
48 42
48 145
48 27
48 49
48 144
48 112
48 60
49 50
49 133
49 145
49 55
49 146
49 66
49 158
50 51
50 158
50 45
50 147
50 5
50 82
50 84
51 42
51 153
51 73
51 52
51 76
51 113
51 62
52 105
52 45
52 146
52 34
52 147
52 142
52 53
53 94
53 24
53 123
53 54
53 125
53 134
54 99
54 101
54 72
54 116
54 25
54 102
54 55
55 137
55 12
55 56
55 83
55 84
55 15
55 108
56 79
56 47
56 57
56 94
56 25
56 120
57 132
57 73
57 58
57 76
57 154
57 40
57 122
58 25
58 90
58 22
58 63
58 67
58 13
58 59
59 77
59 30
59 145
59 85
59 139
59 60
59 137
60 91
60 68
60 76
60 61
60 67
60 147
61 151
61 147
61 160
61 93
61 62
61 67
62 30
62 46
62 59
62 115
62 63
62 57
62 96
63 142
63 104
63 70
63 122
63 68
63 100
63 64
64 105
64 33
64 109
64 89
64 51
64 16
64 65
65 115
65 125
65 93
65 78
65 61
65 66
65 35
66 159
66 82
66 42
66 67
66 27
66 137
66 10
67 70
67 5
67 140
67 125
67 68
67 136
67 121
68 32
68 38
68 31
68 29
68 76
68 69
68 43
69 26
69 142
69 70
69 67
69 93
69 74
69 80
70 148
70 71
70 37
70 65
70 72
70 121
70 40
71 72
71 61
71 25
71 81
71 29
71 126
71 159
72 152
72 3
72 73
72 47
72 84
72 142
72 60
73 33
73 136
73 45
73 74
73 22
73 156
73 133
74 127
74 75
74 119
74 145
74 53
74 37
74 64
75 5
75 28
75 79
75 133
75 40
75 76
75 52
76 127
76 146
76 160
76 35
76 6
76 77
76 54
77 78
77 83
77 132
77 122
77 18
77 34
78 1
78 115
78 158
78 36
78 79
78 131
78 150
79 154
79 140
79 3
79 75
79 80
79 74
79 115
80 14
80 39
80 131
80 163
80 81
80 69
81 8
81 82
81 154
81 124
81 108
81 31
81 145
82 85
82 21
82 47
82 122
82 22
82 83
82 86
83 104
83 31
83 100
83 150
83 84
83 142
83 20
84 24
84 85
84 40
84 153
84 3
84 129
84 163
85 86
85 61
85 133
85 69
85 35
85 148
85 66
86 45
86 70
86 27
86 142
86 82
86 141
86 87
87 129
87 35
87 88
87 159
87 73
87 25
87 61
88 128
88 110
88 141
88 60
88 89
88 129
88 50
89 42
89 101
89 154
89 27
89 128
89 90
89 103
90 107
90 91
90 58
90 9
90 19
91 108
91 11
91 5
91 43
91 92
91 33
91 47
92 149
92 137
92 64
92 93
92 126
92 4
92 105
93 96
93 79
93 92
93 12
93 94
93 129
93 153
94 67
94 14
94 34
94 40
94 106
94 28
94 95
95 84
95 29
95 44
95 123
95 96
95 72
95 79
96 109
96 1
96 97
96 122
96 21
96 24
96 135
97 69
97 98
97 125
97 93
97 25
97 143
98 108
98 99
98 88
98 100
98 96
98 58
98 55
99 56
99 100
99 6
99 147
99 112
99 90
99 11
100 88
100 121
100 57
100 28
100 101
100 21
101 1
101 37
101 29
101 132
101 112
101 102
101 140
102 22
102 119
102 103
102 5
102 88
102 46
102 151
103 136
103 161
103 152
103 118
103 104
103 63
103 108
104 105
104 54
104 160
104 50
104 34
104 76
104 89
105 81
105 90
105 106
105 21
105 160
105 18
106 105
106 65
106 107
106 27
106 162
106 2
107 108
107 136
107 83
107 105
107 29
107 55
108 159
108 48
108 80
108 56
108 109
108 54
108 25
109 152
109 78
109 148
109 110
109 11
109 163
109 55
110 2
110 52
110 40
110 77
110 111
110 62
110 151
111 34
111 115
111 125
111 112
111 46
111 110
111 161
112 34
112 121
112 146
112 113
112 80
112 23
113 144
113 143
113 155
113 121
113 114
113 35
113 87
114 140
114 115
114 141
114 9
114 12
114 41
114 37
115 22
115 116
115 102
115 54
115 109
115 6
115 71
116 52
116 117
116 96
116 43
116 33
116 125
116 114
117 111
117 40
117 132
117 29
117 115
117 118
117 150
118 93
118 158
118 3
118 12
118 28
118 138
118 119
119 51
119 42
119 120
119 57
119 129
119 153
119 160
120 21
120 10
120 121
120 51
120 104
120 115
120 38
121 44
121 41
121 134
121 122
121 103
121 92
121 55
122 117
122 80
122 123
122 153
122 33
122 42
122 121
123 76
123 124
123 18
123 34
123 2
123 138
123 13
124 97
124 58
124 11
124 159
124 156
124 125
124 115
125 39
125 112
125 126
125 49
125 97
125 138
125 41
126 41
126 59
126 17
126 102
126 127
126 58
126 134
127 128
127 65
127 79
127 91
127 141
127 61
127 162
128 146
128 36
128 120
128 129
128 63
128 71
128 68
129 78
129 130
129 154
129 140
129 10
129 100
129 141
130 82
130 137
130 131
130 83
130 149
130 1
131 132
131 55
131 11
131 143
131 50
131 81
131 22
132 39
132 31
132 111
132 81
132 133
132 14
132 49
133 38
133 43
133 134
133 82
133 33
133 84
133 162
134 45
134 92
134 154
134 20
134 162
134 135
134 51
135 98
135 136
135 124
135 120
135 131
135 162
135 72
136 130
136 74
136 88
136 14
136 137
136 39
137 93
137 10
137 119
137 61
137 156
137 138
137 51
138 107
138 45
138 96
138 47
138 139
138 141
138 146
139 40
139 140
139 124
139 80
139 115
139 103
139 99
140 60
140 141
140 57
140 77
140 54
140 62
140 30
141 60
141 86
141 142
141 89
141 33
141 127
141 95
142 15
142 106
142 100
142 143
142 74
142 159
142 130
143 123
143 139
143 124
143 154
143 100
143 30
143 144
144 92
144 112
144 135
144 117
144 68
144 66
144 145
145 44
145 163
145 127
145 2
145 161
145 146
145 38
146 108
146 11
146 46
146 64
146 153
146 14
146 147
147 152
147 162
147 115
147 85
147 33
147 29
147 148
148 151
148 58
148 13
148 149
148 98
148 45
148 47
149 150
149 80
149 107
149 90
149 81
149 102
149 55
150 107
150 42
150 144
150 133
150 135
150 151
150 77
151 152
151 129
151 162
151 136
151 156
151 134
152 64
152 32
152 71
152 62
152 25
152 99
152 153
153 35
153 31
153 154
153 16
153 44
153 103
153 132
154 129
154 155
154 95
154 131
154 136
154 138
154 3
155 52
155 91
155 11
155 24
155 134
155 156
155 25
156 67
156 64
156 151
156 157
156 60
156 89
157 68
157 82
157 158
157 29
157 35
157 60
157 104
158 61
158 32
158 86
158 143
158 137
158 159
158 6
159 79
159 160
159 127
159 39
159 102
159 3
159 146
160 161
160 132
160 84
160 11
160 14
160 65
160 145
161 37
161 101
161 49
161 146
161 162
161 131
161 11
162 92
162 163
162 41
162 3
162 59
162 58
162 5
163 9
163 118
163 83
163 41
163 1
163 20
