p edge 99 665
1 59
1 64
1 14
1 47
1 31
1 2
1 10
2 92
2 83
2 3
2 62
2 22
2 41
2 14
3 29
3 62
3 1
3 4
3 2
3 39
3 45
4 92
4 5
4 97
4 8
4 84
4 76
4 94
5 46
5 56
5 6
5 10
5 87
5 82
5 21
6 71
6 7
6 2
6 45
6 52
6 16
7 13
7 8
7 4
7 40
7 65
7 98
8 76
8 61
8 81
8 9
8 46
8 41
8 25
9 10
9 78
9 42
9 37
9 82
9 88
10 25
10 11
10 81
10 16
10 55
10 87
10 24
11 3
11 38
11 12
11 40
11 79
11 43
11 18
12 81
12 91
12 13
12 45
12 47
12 78
12 36
13 65
13 86
13 61
13 7
13 14
13 71
13 35
14 69
14 22
14 87
14 19
14 15
14 25
14 97
15 16
15 92
15 61
15 3
15 89
15 83
15 11
16 61
16 58
16 4
16 18
16 12
16 54
16 17
17 48
17 19
17 33
17 18
17 9
17 53
17 62
18 66
18 64
18 51
18 35
18 19
18 96
18 90
19 20
19 98
19 54
19 35
19 29
19 88
19 84
20 77
20 41
20 31
20 76
20 21
20 86
20 74
21 98
21 22
21 89
21 23
21 88
21 2
21 54
22 23
22 4
22 77
22 56
22 50
23 4
23 24
23 62
23 16
23 65
23 56
23 58
24 89
24 39
24 25
24 60
24 14
24 20
24 38
25 89
25 53
25 36
25 67
25 81
25 48
25 26
26 67
26 80
26 74
26 27
26 7
26 32
27 68
27 28
27 8
27 75
27 43
27 57
28 77
28 20
28 1
28 36
28 29
28 49
28 48
29 30
29 31
29 28
29 17
29 66
29 57
29 87
30 71
30 57
30 95
30 31
30 8
30 82
30 88
31 37
31 32
31 4
31 17
31 26
31 38
32 91
32 77
32 55
32 1
32 33
32 95
32 21
33 29
33 34
33 48
33 17
33 80
33 41
33 78
34 35
34 11
34 81
34 20
34 69
34 45
35 88
35 44
35 36
35 22
35 53
35 79
36 25
36 87
36 2
36 22
36 37
36 51
36 34
37 19
37 55
37 14
37 92
37 38
37 64
38 50
38 39
38 97
38 92
38 40
38 70
38 35
39 40
39 31
39 52
39 20
39 15
39 35
39 83
40 21
40 77
40 64
40 11
40 27
40 90
40 41
41 54
41 77
41 42
41 65
41 93
41 87
41 33
42 6
42 43
42 39
42 52
42 16
42 9
42 96
43 44
43 8
43 1
43 64
43 28
43 14
43 11
44 85
44 11
44 78
44 50
44 58
44 4
44 45
45 64
45 46
45 9
45 30
45 21
45 69
45 61
46 58
46 47
46 27
46 68
46 74
46 70
47 50
47 23
47 26
47 48
47 28
47 41
47 62
48 81
48 19
48 85
48 77
48 29
48 49
48 78
49 48
49 19
49 76
49 73
49 17
49 50
50 7
50 64
50 92
50 91
50 72
50 51
51 9
51 77
51 52
51 99
51 19
51 10
52 53
52 95
52 89
52 24
52 30
52 32
53 64
53 19
53 36
53 39
53 54
53 90
53 79
54 28
54 56
54 41
54 47
54 55
54 59
54 37
55 88
55 80
55 47
55 38
55 84
55 56
56 5
56 9
56 41
56 4
56 37
56 57
56 55
57 58
57 84
57 74
57 71
57 40
57 43
58 21
58 32
58 66
58 59
58 41
58 69
58 39
59 60
59 50
59 78
59 5
59 95
59 57
60 40
60 74
60 67
60 76
60 61
60 23
60 92
61 21
61 78
61 39
61 46
61 70
61 62
61 12
62 63
62 34
62 67
62 55
62 77
62 8
62 20
63 57
63 29
63 64
63 75
63 95
63 41
63 55
64 65
64 51
64 58
64 21
64 7
64 55
64 19
65 51
65 9
65 61
65 66
65 6
65 58
65 33
66 50
66 75
66 31
66 44
66 67
66 7
66 17
67 82
67 48
67 16
67 68
67 65
67 52
67 37
68 25
68 13
68 37
68 69
68 67
68 43
69 39
69 65
69 20
69 44
69 70
69 16
69 32
70 80
70 59
70 71
70 17
70 99
70 74
71 72
71 12
71 35
71 46
71 1
71 19
72 59
72 95
72 96
72 73
72 22
72 18
72 46
73 74
73 26
73 46
73 59
73 49
73 14
73 37
74 50
74 75
74 3
74 58
74 82
74 53
74 81
75 68
75 76
75 6
75 14
75 4
75 72
76 14
76 30
76 70
76 35
76 5
76 1
76 77
77 78
77 37
77 23
77 63
77 30
77 52
77 85
78 95
78 76
78 99
78 45
78 79
78 33
78 98
79 34
79 68
79 80
79 38
79 6
79 91
79 78
80 83
80 87
80 81
80 24
80 64
80 13
81 19
81 71
81 33
81 77
81 82
81 21
82 33
82 31
82 83
82 56
82 63
82 4
82 24
83 33
83 98
83 99
83 84
83 41
83 43
83 16
84 40
84 51
84 93
84 85
84 21
84 91
84 86
85 53
85 69
85 86
85 64
85 16
85 71
85 79
86 28
86 9
86 87
86 64
86 29
86 50
86 5
87 30
87 59
87 57
87 17
87 88
87 47
88 97
88 79
88 37
88 87
88 76
88 89
88 52
89 92
89 62
89 25
89 90
89 77
89 19
89 39
90 91
90 17
90 83
90 94
90 76
90 73
90 96
91 3
91 33
91 57
91 92
91 53
91 93
91 94
92 68
92 74
92 70
92 93
92 32
92 5
92 12
93 83
93 65
93 3
93 94
93 36
93 73
94 69
94 55
94 57
94 37
94 95
94 84
95 26
95 88
95 63
95 5
95 33
95 35
95 96
96 27
96 97
96 24
96 40
96 82
96 12
96 57
97 85
97 34
97 98
97 42
97 26
97 83
97 48
98 77
98 71
98 87
98 52
98 92
98 15
98 99
99 17
99 72
99 1
99 43
99 35
99 78
99 79
